pa1-debug-f-auxilliary1.txt
EM distortion factor =     0.0200
EM noise =       0.20
Optical tracker jiggle factor =     0.0100
EM pivot post actual position =   201.70,   205.54,   190.56
EM pivot post est    position =   198.98,   195.15,   193.64
Optical pivot post actual position =   401.86,   403.17,   209.23
Optical pivot post est    position =   401.86,   403.17,   209.23
Cal EM observed - cal EM estimated
  0:    -4.89,    -8.38,     3.00
  1:    -0.14,    -3.38,    -1.71
  2:     2.73,    -0.09,    -5.56
  3:     0.51,    -3.32,    -0.72
  4:     2.87,     1.41,    -2.08
  5:     0.93,     1.69,    -3.40
  6:     4.41,     2.95,    -4.39
  7:     2.65,     4.99,    -0.47
  8:    -3.27,     2.45,     1.45
  9:    -2.71,    -4.02,     5.29
 10:     1.00,    -2.36,     1.00
 11:     3.65,    -1.62,    -2.43
 12:    -2.61,    -0.13,     3.37
 13:     3.30,    -0.74,    -2.01
 14:     5.87,    -2.43,    -5.84
 15:    -1.44,     3.54,    -0.78
 16:     3.36,     1.09,    -3.78
 17:     4.61,    -2.64,    -5.50
 18:     1.46,     0.23,     4.92
 19:     3.15,    -0.47,     2.98
 20:     4.17,    -0.98,     1.24
 21:    -3.36,     2.25,     5.19
 22:     2.91,    -1.18,    -0.97
 23:     6.82,    -3.46,    -4.96
 24:    -4.78,     3.16,     2.27
 25:     2.27,    -1.51,    -4.18
 26:     7.12,    -5.50,    -8.02
 27:     2.69,    -0.25,    -5.32
 28:     2.38,    -1.75,    -5.63
 29:     0.12,    -7.08,    -1.84
 30:     1.31,     1.90,    -3.26
 31:    -3.56,    -3.43,    -4.09
 32:    -7.86,   -11.71,    -4.05
 33:    -2.70,     3.05,     1.69
 34:    -9.25,    -3.44,    -0.45
 35:   -12.88,   -11.18,    -5.58
 36:     3.76,    -1.66,    -2.34
 37:     4.51,    -3.33,    -2.39
 38:     4.17,    -6.82,     2.08
 39:     5.99,    -2.34,    -5.80
 40:     3.07,    -4.48,    -5.27
 41:    -3.70,    -6.30,     0.06
 42:     4.49,    -2.19,    -5.20
 43:    -0.35,    -4.30,    -4.13
 44:    -8.61,    -3.60,    -1.53
 45:     4.30,    -1.03,     0.92
 46:     5.69,    -2.04,     0.63
 47:     7.54,    -3.56,     3.33
 48:     6.80,    -3.59,    -5.25
 49:     6.52,    -3.30,    -4.57
 50:     1.53,     0.28,     2.27
 51:     6.73,    -5.35,    -7.86
 52:     5.05,    -4.81,    -6.00
 53:    -3.38,     1.95,     1.38
 54:     4.27,     2.42,    -4.23
 55:     2.93,     4.86,    -0.76
 56:    -2.52,     2.46,     0.97
 57:     4.76,     4.15,    -8.05
 58:     0.22,     3.77,     0.67
 59:    -5.65,     2.04,     5.73
 60:     2.11,    -0.07,   -10.62
 61:    -2.96,    -2.20,     0.46
 62:    -5.70,     0.32,     7.71
 63:    -1.74,     3.42,    -0.44
 64:     3.09,     1.27,    -3.59
 65:     4.99,    -2.63,    -5.71
 66:     0.42,     4.18,    -5.44
 67:     0.19,     2.22,    -3.05
 68:    -0.90,    -1.55,    -0.23
 69:     2.32,     1.38,    -9.85
 70:    -4.76,     0.93,    -1.05
 71:    -8.07,     0.06,     7.08
 72:    -5.33,     3.42,     2.89
 73:     1.48,    -0.95,    -3.55
 74:     6.72,    -5.32,    -7.82
 75:    -2.48,     3.33,    -1.06
 76:    -0.14,     0.50,    -3.53
 77:     2.15,    -4.76,    -4.13
 78:     2.65,     2.55,    -5.42
 79:    -3.23,     3.16,    -0.79
 80:    -6.05,    -1.78,     4.56
 81:    -2.13,     2.83,     1.00
 82:    -8.35,    -3.68,    -1.11
 83:   -12.41,   -11.13,    -5.14
 84:    -5.32,     2.15,     5.55
 85:    -9.46,    -0.16,     2.85
 86:   -10.44,    -1.90,    -4.55
 87:    -5.91,     0.27,     7.65
 88:    -5.03,     6.28,     6.44
 89:    -0.54,    12.42,    -0.33
 90:     5.12,    -2.37,    -5.70
 91:     1.02,    -4.48,    -4.86
 92:    -7.44,    -3.25,    -1.11
 93:    -0.43,    -1.53,    -0.72
 94:    -3.08,    -2.60,     0.38
 95:    -6.24,     0.80,     0.06
 96:    -7.77,    -0.07,     6.63
 97:    -5.26,     0.82,     7.56
 98:     1.20,     3.40,     3.60
 99:     6.72,    -5.10,    -7.70
100:     5.88,    -4.83,    -6.48
101:    -1.81,     1.60,     0.88
102:     2.62,    -4.76,    -4.66
103:     1.54,    -5.81,    -2.51
104:    -3.20,    -0.35,     2.16
105:    -5.35,    -2.00,     3.76
106:    -3.71,    -5.96,     5.22
107:    -0.50,    -5.49,     4.36
108:     1.03,     0.04,     5.14
109:     2.99,    -0.56,     2.94
110:     4.22,    -1.07,     0.98
111:    -3.68,     2.23,     5.41
112:     2.72,    -1.09,    -0.88
113:     6.88,    -3.54,    -5.18
114:    -4.96,     3.40,     2.36
115:     1.98,    -1.05,    -3.94
116:     7.01,    -5.36,    -7.97
117:     3.56,     1.02,     2.18
118:     4.13,     0.52,     2.98
119:     3.25,     0.79,     2.78
120:    -2.19,     2.57,     4.19
121:     1.08,     0.18,     0.52
122:     3.22,    -1.33,    -1.93
123:    -4.01,     2.41,     3.54
124:    -0.54,    -0.67,    -1.39
125:     2.56,    -3.70,    -4.71
126:     2.92,    -1.06,    -1.73
127:     3.73,    -0.33,     1.65
128:     1.25,     1.52,     2.87
129:     1.14,     0.03,    -0.18
130:    -1.08,     1.78,     2.37
131:    -3.20,     1.89,     3.16
132:     1.72,    -0.06,     1.52
133:    -3.49,     1.88,     3.31
134:    -5.86,     0.96,     2.34
135:     4.21,    -1.08,     0.88
136:     5.61,    -2.12,     0.57
137:     7.51,    -3.72,     3.17
138:     6.77,    -3.52,    -5.18
139:     6.62,    -3.41,    -4.69
140:     1.85,    -0.05,     1.98
141:     6.73,    -5.22,    -7.82
142:     5.31,    -4.92,    -6.22
143:    -2.94,     1.65,     1.09
144:     3.25,     0.75,     2.72
145:     4.04,     0.65,     1.49
146:     6.48,    -0.20,     0.60
147:     3.05,    -1.32,    -1.91
148:     4.01,    -1.28,    -2.21
149:     3.64,     0.71,     0.54
150:     2.24,    -3.54,    -4.49
151:     2.79,    -4.02,    -4.51
152:     0.15,    -0.30,    -0.52
153:     1.28,     1.47,     2.91
154:     0.20,     2.06,     0.75
155:     0.99,     1.15,    -3.31
156:    -3.34,     1.98,     3.27
157:    -2.56,    -0.45,     1.08
158:     0.53,    -3.87,    -2.83
159:    -6.05,     1.17,     2.60
160:    -4.64,    -2.58,    -0.74
161:    -0.11,    -7.29,    -4.91
162:    -5.07,     3.35,     2.74
163:     2.02,    -1.10,    -3.74
164:     7.17,    -5.26,    -7.96
165:    -2.67,     3.44,    -1.08
166:     0.27,     0.10,    -3.84
167:     2.86,    -5.03,    -4.69
168:     2.01,     2.96,    -4.97
169:    -3.23,     2.65,    -0.65
170:    -5.29,    -2.44,     3.95
171:    -3.94,     2.41,     3.67
172:    -0.47,    -0.60,    -1.22
173:     2.65,    -3.44,    -4.53
174:    -1.59,     1.98,     1.53
175:    -0.78,    -0.42,    -1.31
176:     0.68,    -4.50,    -3.60
177:     3.25,     2.38,    -1.65
178:    -0.29,     1.56,     0.23
179:    -2.48,    -3.45,     0.77
180:     1.62,    -0.06,     1.36
181:    -3.49,     2.03,     3.33
182:    -5.76,     1.17,     2.56
183:     3.68,    -0.55,     1.07
184:    -2.41,     0.89,     3.18
185:    -5.43,    -0.17,     1.09
186:     5.89,    -0.45,    -1.23
187:     2.23,    -0.90,     1.10
188:    -1.27,    -1.44,    -1.40
189:     6.89,    -5.11,    -7.82
190:     5.69,    -4.84,    -6.43
191:    -2.34,     1.58,     0.97
192:     2.40,    -4.60,    -4.31
193:     1.14,    -5.50,    -2.05
194:    -3.55,     0.09,     2.32
195:    -6.02,    -1.80,     4.55
196:    -3.85,    -5.26,     5.89
197:     0.01,    -4.48,     4.59
198:     2.33,    -3.44,    -4.47
199:     2.95,    -3.87,    -4.52
200:     0.60,    -0.38,    -0.70
201:     0.57,    -4.32,    -3.34
202:     0.27,    -6.23,    -3.34
203:    -2.15,    -3.59,    -0.80
204:    -3.00,    -2.83,     1.57
205:    -3.33,    -7.61,     0.98
206:    -3.02,    -8.41,    -0.15
207:    -5.86,     1.24,     2.62
208:    -4.76,    -2.27,    -0.43
209:    -0.35,    -7.14,    -4.63
210:    -4.57,    -0.44,     0.91
211:    -4.88,    -3.35,    -3.34
212:    -2.56,    -7.03,    -7.77
213:    -0.37,    -1.76,    -1.20
214:    -3.53,    -3.05,    -5.40
215:    -5.96,    -4.35,    -9.19
