pa1-debug-g-auxilliary1.txt
EM distortion factor =     0.0200
EM noise =       0.20
Optical tracker jiggle factor =     0.0100
EM pivot post actual position =   207.06,   204.93,   196.18
EM pivot post est    position =   203.25,   202.68,   194.93
Optical pivot post actual position =   395.23,   394.55,   209.44
Optical pivot post est    position =   395.23,   394.55,   209.44
Cal EM observed - cal EM estimated
  0:    -5.38,    -2.86,    -0.15
  1:    -3.21,    -3.12,    -0.09
  2:    -0.33,    -0.95,    -1.56
  3:    -0.01,     1.90,    -2.40
  4:     0.35,     0.13,     1.61
  5:    -0.21,    -0.86,     4.32
  6:     5.07,     6.49,    -1.90
  7:     4.55,     1.56,     3.54
  8:     1.02,    -2.84,     7.59
  9:    -0.17,    -0.08,     2.77
 10:     1.69,     2.55,    -1.15
 11:     1.39,     4.13,    -3.67
 12:     0.20,     3.38,     0.51
 13:     0.47,     1.06,     0.94
 14:     0.34,    -0.78,     1.53
 15:     2.45,     5.32,     0.55
 16:     1.01,    -0.12,     4.52
 17:    -0.00,    -4.12,     6.43
 18:     3.61,     1.98,     3.45
 19:     3.05,     4.09,    -2.96
 20:    -0.08,     3.67,    -6.27
 21:    -0.17,     4.13,     2.00
 22:     0.21,     0.48,    -0.84
 23:     0.90,    -2.97,    -2.49
 24:    -0.77,     3.92,     2.17
 25:    -1.08,    -1.55,     3.85
 26:     1.50,    -5.34,     3.38
 27:    -0.50,    -1.12,    -1.53
 28:     1.46,     1.45,    -2.63
 29:     1.21,     1.93,    -1.51
 30:    -0.20,    -0.85,     4.11
 31:    -0.20,    -0.00,     3.06
 32:     0.35,     1.94,    -0.76
 33:     1.41,    -2.50,     7.39
 34:    -1.32,    -2.67,     5.79
 35:    -1.90,     1.17,    -0.71
 36:     1.53,     4.12,    -3.58
 37:    -0.03,     3.27,    -2.58
 38:    -2.18,    -0.33,     3.19
 39:     0.36,    -0.57,     1.46
 40:     0.32,    -1.33,     1.58
 41:     0.50,    -0.66,     1.55
 42:     0.10,    -3.71,     6.47
 43:     0.16,    -4.15,     4.44
 44:     1.60,    -0.91,    -0.97
 45:     0.52,     3.85,    -6.12
 46:    -2.94,     0.68,    -4.08
 47:    -4.81,    -3.84,     4.80
 48:     0.79,    -2.45,    -2.30
 49:     1.37,    -4.61,    -1.59
 50:     1.61,    -3.84,     1.78
 51:     0.81,    -4.82,     3.79
 52:     3.86,    -5.58,     1.58
 53:     5.64,    -2.95,    -1.97
 54:     4.82,     6.15,    -2.03
 55:     4.15,     1.42,     3.58
 56:     0.78,    -2.65,     7.56
 57:     6.06,     7.75,     1.67
 58:     6.92,     0.55,     3.65
 59:     2.85,    -5.35,     5.06
 60:     2.30,     5.95,     6.20
 61:     6.99,    -1.49,     0.99
 62:     5.50,    -6.95,    -3.26
 63:     2.20,     5.19,     0.45
 64:     0.85,    -0.19,     4.30
 65:     0.00,    -4.04,     6.14
 66:     5.19,     4.77,     3.87
 67:     2.73,     0.33,     6.60
 68:     0.23,    -3.44,     6.18
 69:     7.58,     2.98,     8.73
 70:     5.30,     3.05,     5.53
 71:     1.59,     1.60,    -0.12
 72:    -0.92,     3.95,     2.10
 73:    -1.04,    -1.60,     3.50
 74:     1.60,    -5.43,     2.95
 75:     2.69,     1.88,     4.70
 76:    -0.39,     0.39,     7.47
 77:    -0.13,    -1.04,     5.56
 78:     9.10,     0.01,     8.45
 79:     1.91,     6.25,     8.07
 80:    -3.02,     8.20,     2.38
 81:     1.08,    -2.46,     7.46
 82:    -1.33,    -2.37,     5.57
 83:    -1.65,     1.49,    -1.00
 84:     3.23,    -4.97,     5.16
 85:    -1.70,    -5.23,     3.22
 86:    -5.32,    -0.09,    -0.79
 87:     5.76,    -5.97,    -2.68
 88:    -0.31,    -6.51,    -4.40
 89:    -8.37,    -1.63,    -0.99
 90:     0.04,    -3.79,     5.98
 91:     0.33,    -3.84,     3.97
 92:     1.59,    -0.48,    -1.03
 93:     0.25,    -3.18,     6.54
 94:    -0.37,    -3.63,     2.52
 95:     0.97,    -1.07,    -3.46
 96:     1.37,     2.49,     1.15
 97:    -0.97,     0.54,    -3.72
 98:    -0.69,    -1.48,    -5.28
 99:     1.37,    -5.24,     2.60
100:     4.03,    -5.67,     0.92
101:     5.12,    -2.63,    -1.48
102:     0.01,    -1.43,     5.85
103:     2.93,    -2.26,     0.69
104:     6.15,    -2.28,    -5.86
105:    -2.91,     7.69,     3.63
106:    -2.12,     4.35,    -3.35
107:     3.73,    -2.51,    -9.06
108:     3.39,     1.84,     3.70
109:     3.15,     4.09,    -2.67
110:     0.10,     3.68,    -6.20
111:    -0.11,     4.21,     2.01
112:     0.16,     0.67,    -0.55
113:     0.87,    -2.84,    -2.25
114:    -0.32,     4.23,     1.88
115:    -1.13,    -1.25,     3.93
116:     1.19,    -5.20,     3.69
117:     2.26,     1.12,     1.96
118:     0.17,     0.25,    -3.94
119:    -3.39,    -2.58,    -7.43
120:    -0.73,     4.25,     1.93
121:     0.16,    -0.39,    -1.59
122:     1.70,    -5.33,    -4.38
123:    -1.10,     4.39,     2.97
124:     0.87,    -0.41,     3.35
125:     5.31,    -4.35,     1.40
126:    -2.03,    -1.30,    -1.94
127:    -5.32,    -6.23,    -4.47
128:    -7.04,   -11.39,    -6.68
129:    -0.78,     3.13,     0.33
130:     0.91,    -1.36,    -1.39
131:     2.61,    -6.25,    -3.58
132:     1.38,     5.54,     3.50
133:     7.08,     2.25,     3.13
134:     9.98,    -1.44,     0.64
135:     0.42,     4.17,    -6.09
136:    -2.96,     1.13,    -3.43
137:    -4.85,    -3.50,     5.70
138:     0.81,    -2.49,    -2.49
139:     1.13,    -4.27,    -1.31
140:     1.17,    -3.38,     2.44
141:     1.17,    -5.13,     3.45
142:     3.96,    -5.49,     1.30
143:     5.33,    -2.51,    -1.96
144:    -3.38,    -1.93,    -7.29
145:    -6.40,    -4.99,    -4.68
146:    -6.66,    -6.79,     4.57
147:     1.26,    -5.17,    -4.77
148:     1.74,    -7.27,    -3.83
149:     1.63,    -5.04,     0.66
150:     5.39,    -4.43,     1.00
151:     7.40,    -5.29,    -1.54
152:     6.10,    -2.83,    -4.02
153:    -7.60,   -11.41,    -6.58
154:    -7.62,   -12.70,    -6.11
155:    -5.52,    -8.83,    -1.58
156:     1.43,    -7.01,    -4.15
157:     1.77,    -8.08,    -4.82
158:     0.97,    -4.25,    -3.36
159:     9.69,    -1.66,     0.26
160:     7.20,    -2.71,    -3.03
161:     1.97,    -0.77,    -6.22
162:    -0.71,     4.15,     1.90
163:    -1.07,    -1.43,     3.47
164:     1.40,    -5.37,     3.11
165:     2.86,     2.17,     4.36
166:    -0.29,     0.36,     7.41
167:    -0.26,    -1.10,     5.77
168:     9.14,    -0.03,     8.28
169:     2.43,     5.84,     8.22
170:    -2.69,     8.08,     2.66
171:    -1.29,     4.38,     2.92
172:     1.13,    -0.68,     2.79
173:     5.47,    -4.72,     0.77
174:     2.37,     1.92,     4.70
175:     1.70,     0.90,     6.53
176:     3.09,    -0.46,     3.77
177:     8.92,    -1.30,     6.27
178:     1.84,     3.62,     6.91
179:    -4.17,     5.08,     2.18
180:     1.50,     5.42,     3.30
181:     7.10,     1.86,     2.70
182:     9.69,    -1.80,     0.19
183:     4.47,     4.08,     4.44
184:     8.64,     1.55,     3.93
185:     8.48,    -1.88,     0.91
186:     7.24,     0.17,     2.69
187:     4.88,    -2.19,     1.45
188:    -0.51,    -5.64,    -1.67
189:     1.09,    -5.14,     3.12
190:     3.69,    -5.57,     1.24
191:     4.85,    -2.58,    -1.26
192:    -0.28,    -1.31,     5.99
193:     2.54,    -2.27,     0.80
194:     5.87,    -2.12,    -5.60
195:    -2.59,     7.78,     2.91
196:    -1.78,     4.09,    -3.70
197:     3.92,    -2.46,    -8.72
198:     5.03,    -4.66,     0.77
199:     7.13,    -5.62,    -1.57
200:     5.92,    -3.02,    -3.38
201:     3.18,    -0.61,     3.92
202:     5.04,    -2.30,    -1.60
203:     5.47,    -3.11,    -7.59
204:    -3.89,     4.92,     2.32
205:    -3.40,     0.85,    -4.52
206:     1.35,    -5.38,   -10.35
207:     9.42,    -1.89,     0.20
208:     7.31,    -3.02,    -3.01
209:     2.39,    -0.98,    -5.90
210:     8.74,    -1.71,     1.04
211:     4.24,    -3.32,    -3.34
212:    -1.48,    -2.89,    -8.10
213:    -0.15,    -5.46,    -1.58
214:    -5.04,    -7.56,    -5.51
215:    -7.59,    -8.25,    -8.90
