pa1-debug-e-auxilliary1.txt
EM distortion factor =     0.0200
EM noise =       0.00
Optical tracker jiggle factor =     0.0100
EM pivot post actual position =   201.59,   191.85,   206.29
EM pivot post est    position =   200.10,   190.80,   207.49
Optical pivot post actual position =   399.81,   395.71,   204.72
Optical pivot post est    position =   399.81,   395.71,   204.72
Cal EM observed - cal EM estimated
  0:    -2.69,    -1.39,    -0.17
  1:    -4.51,     1.92,    -1.05
  2:    -4.93,     4.55,    -2.45
  3:    -1.99,     3.04,    -1.60
  4:    -1.48,     0.55,    -0.78
  5:    -0.91,    -0.63,     0.42
  6:     1.16,     6.55,    -3.83
  7:     1.31,    -1.17,    -1.55
  8:     0.66,    -5.69,     2.29
  9:    -1.42,     1.34,     1.73
 10:    -4.12,    -0.71,     2.98
 11:    -5.42,    -2.05,     2.26
 12:    -0.18,     4.09,    -0.94
 13:    -1.97,     1.01,    -0.98
 14:    -2.81,    -1.12,    -0.57
 15:     0.18,     4.38,    -3.39
 16:    -0.57,     1.00,    -4.31
 17:    -0.72,    -1.16,    -3.05
 18:     0.00,     4.42,     3.10
 19:    -3.47,    -2.07,     4.17
 20:    -5.09,    -7.24,     3.55
 21:     2.95,     5.73,    -1.39
 22:    -2.00,     1.57,    -1.68
 23:    -4.67,    -1.91,    -1.61
 24:     1.56,     3.03,    -4.22
 25:    -1.76,     2.56,    -5.42
 26:    -2.32,     2.24,    -4.97
 27:    -5.05,     4.47,    -2.33
 28:    -3.00,     4.86,    -4.32
 29:     2.29,     2.76,    -5.72
 30:    -1.05,    -0.51,     0.29
 31:     0.11,     0.82,     1.22
 32:     2.17,     4.70,     2.23
 33:     0.71,    -5.49,     1.98
 34:     0.07,    -2.25,     5.51
 35:    -0.39,     7.76,     7.87
 36:    -5.44,    -2.08,     2.51
 37:    -4.67,    -2.37,    -0.69
 38:    -1.31,    -1.74,    -4.58
 39:    -2.92,    -1.12,    -0.50
 40:    -2.28,    -0.54,    -0.93
 41:     0.17,     2.52,    -1.22
 42:    -0.82,    -1.01,    -3.16
 43:    -0.08,     0.85,    -1.23
 44:     1.45,     6.06,     1.21
 45:    -5.05,    -7.19,     3.82
 46:    -4.26,    -8.52,     1.11
 47:    -1.77,    -5.74,    -2.09
 48:    -4.71,    -2.09,    -1.39
 49:    -3.76,    -1.93,    -2.88
 50:     0.56,     1.47,    -4.41
 51:    -2.50,     2.18,    -4.89
 52:    -0.04,     3.55,    -4.93
 53:     4.69,     5.76,    -4.96
 54:     0.97,     6.28,    -3.68
 55:     1.20,    -1.30,    -1.35
 56:     0.70,    -5.41,     2.30
 57:     5.19,     5.62,    -4.86
 58:     1.22,    -2.23,    -2.98
 59:    -3.03,    -6.85,     1.40
 60:     9.16,     1.73,    -3.67
 61:    -0.54,    -1.49,    -3.82
 62:   -10.10,    -2.79,    -2.09
 63:     0.14,     4.43,    -3.34
 64:    -0.63,     1.00,    -4.15
 65:    -0.82,    -1.07,    -2.94
 66:     0.54,     1.85,    -4.23
 67:    -0.43,    -1.00,    -5.05
 68:    -0.68,    -2.33,    -4.05
 69:     0.96,    -1.81,    -3.10
 70:    -0.91,    -3.62,    -2.76
 71:    -2.15,    -4.06,    -2.86
 72:     1.66,     3.26,    -4.16
 73:    -1.78,     2.60,    -5.34
 74:    -2.51,     2.13,    -4.87
 75:    -2.35,    -1.14,    -3.80
 76:    -1.79,     0.31,    -4.36
 77:     1.44,     2.02,    -4.22
 78:    -6.89,    -4.87,    -0.94
 79:    -1.61,    -3.62,     0.35
 80:     5.26,    -1.84,    -0.11
 81:     0.75,    -5.30,     2.10
 82:     0.25,    -2.10,     5.49
 83:    -0.13,     7.66,     7.74
 84:    -2.79,    -6.94,     1.44
 85:    -4.10,    -2.44,     5.46
 86:    -1.88,     8.62,     7.39
 87:   -10.01,    -2.89,    -1.89
 88:   -10.63,     0.88,    -0.04
 89:    -1.70,     6.74,     0.79
 90:    -0.82,    -1.12,    -2.91
 91:    -0.14,     0.74,    -0.94
 92:     1.29,     6.04,     1.49
 93:    -0.72,    -2.44,    -3.99
 94:    -0.03,     0.43,    -1.87
 95:     1.43,     6.56,     0.68
 96:    -2.43,    -4.06,    -2.96
 97:    -2.14,    -0.95,    -3.35
 98:     0.32,     4.41,    -3.50
 99:    -2.54,     2.08,    -4.87
100:    -0.16,     3.42,    -4.90
101:     4.51,     5.68,    -4.81
102:     1.37,     1.98,    -4.32
103:     4.36,     3.73,    -4.30
104:     5.87,     4.95,    -4.00
105:     5.19,    -1.87,    -0.30
106:     7.05,    -0.41,    -1.50
107:     3.53,     1.02,    -2.76
108:    -0.06,     4.23,     2.99
109:    -3.55,    -2.16,     4.27
110:    -5.09,    -7.12,     3.76
111:     2.53,     5.50,    -1.37
112:    -2.13,     1.37,    -1.54
113:    -4.54,    -1.98,    -1.43
114:     1.08,     3.04,    -4.13
115:    -1.79,     2.39,    -5.39
116:    -2.19,     1.96,    -5.00
117:     1.02,     5.29,     3.21
118:    -3.12,    -0.13,     0.95
119:    -5.57,    -5.64,    -1.30
120:     4.68,     6.44,    -3.49
121:    -1.82,     1.97,    -2.93
122:    -5.44,    -1.92,    -2.42
123:     3.33,     3.50,    -6.97
124:    -1.27,     2.48,    -4.38
125:    -2.13,     2.06,    -1.73
126:     1.23,     3.52,     3.01
127:    -3.09,     3.92,    -4.58
128:    -6.84,     1.64,   -10.12
129:     4.28,     5.58,    -5.24
130:    -1.78,     2.15,    -3.70
131:    -5.33,    -0.87,    -2.46
132:     4.74,     4.69,    -9.78
133:     0.36,     0.49,    -0.67
134:    -0.60,    -1.24,     6.14
135:    -5.05,    -6.90,     3.84
136:    -4.34,    -8.42,     1.13
137:    -1.85,    -5.89,    -2.00
138:    -4.59,    -1.86,    -1.48
139:    -3.77,    -1.83,    -2.90
140:     0.56,     1.45,    -4.52
141:    -2.38,     2.18,    -4.97
142:     0.01,     3.60,    -4.94
143:     4.82,     5.81,    -5.16
144:    -5.45,    -4.89,    -1.25
145:    -4.85,    -7.76,    -3.17
146:    -1.58,    -7.54,    -2.17
147:    -5.35,    -1.75,    -2.43
148:    -4.22,    -1.97,    -3.68
149:     1.78,     1.74,    -5.12
150:    -2.32,     1.56,    -1.15
151:     0.64,     3.52,    -1.40
152:     6.43,     7.59,    -5.07
153:    -6.42,     2.68,   -10.06
154:    -6.55,    -0.82,   -11.93
155:    -1.77,    -6.13,    -5.45
156:    -5.38,    -0.22,    -3.31
157:    -4.01,    -0.35,    -3.67
158:     2.82,     2.69,    -3.53
159:    -1.06,    -1.90,     5.91
160:     1.40,     1.56,     6.02
161:     5.77,     9.68,    -0.87
162:     1.51,     3.26,    -4.03
163:    -1.76,     2.57,    -5.27
164:    -2.65,     1.92,    -4.80
165:    -2.32,    -1.00,    -3.82
166:    -1.71,     0.37,    -4.57
167:     1.17,     2.02,    -4.52
168:    -6.33,    -4.68,    -1.01
169:    -1.24,    -3.53,    -0.04
170:     5.01,    -1.71,    -0.66
171:     4.10,     3.90,    -7.10
172:    -0.99,     2.56,    -4.50
173:    -2.63,     1.45,    -1.36
174:    -1.52,    -0.79,    -4.68
175:    -0.53,     1.25,    -1.65
176:     3.12,     3.35,     0.99
177:    -8.55,    -4.88,     1.94
178:     0.26,    -0.85,     3.07
179:     8.52,     2.70,     2.39
180:     5.27,     5.06,   -10.19
181:     0.47,     0.78,    -1.58
182:    -1.25,    -1.82,     5.76
183:     2.37,     1.94,    -6.14
184:     2.69,     0.91,     2.39
185:     4.30,     1.39,     9.26
186:    -2.38,    -2.04,     4.45
187:     4.25,     3.14,     4.08
188:     7.97,     7.37,     2.89
189:    -2.57,     1.93,    -4.91
190:    -0.45,     3.20,    -4.85
191:     4.17,     5.56,    -4.88
192:     0.98,     1.76,    -4.47
193:     4.12,     3.62,    -4.33
194:     5.90,     4.91,    -4.10
195:     4.66,    -1.99,    -0.35
196:     7.23,    -0.43,    -1.38
197:     4.04,     0.79,    -2.52
198:    -2.67,     1.52,    -1.65
199:     0.13,     3.31,    -1.95
200:     6.07,     7.18,    -5.30
201:     2.82,     3.16,     0.84
202:     5.90,     5.18,     0.48
203:     6.85,     6.26,    -2.94
204:     8.01,     2.55,     2.52
205:     9.37,     2.80,     1.80
206:     3.34,     0.08,     0.70
207:    -1.40,    -1.74,     5.12
208:     1.11,     1.51,     5.24
209:     5.88,     9.36,    -1.28
210:     4.09,     1.14,     8.92
211:     4.84,     4.60,     8.20
212:     3.95,     8.86,     0.78
213:     7.84,     7.14,     3.11
214:     5.52,     6.47,     2.92
215:    -0.98,     1.43,     2.75
