27, 8, pa1-debug-f-output1.txt
  198.98,   195.15,   193.64
  401.86,   403.17,   209.23
  209.94,   210.99,   209.17
  207.95,   209.56,   333.86
  204.97,   206.88,   458.32
  210.81,   335.11,   210.81
  207.50,   333.17,   336.59
  204.70,   330.85,   462.28
  211.54,   459.63,   213.34
  208.41,   457.35,   339.01
  206.36,   455.15,   465.37
  334.38,   209.12,   212.45
  331.01,   207.05,   336.79
  328.05,   204.27,   461.00
  335.55,   333.81,   214.19
  332.00,   331.39,   338.79
  328.70,   328.73,   463.90
  336.52,   458.44,   216.07
  333.24,   455.57,   340.74
  329.87,   453.34,   467.28
  458.92,   207.06,   214.02
  454.97,   204.48,   339.39
  451.72,   202.00,   464.06
  460.44,   333.06,   217.00
  457.09,   329.40,   340.77
  453.41,   325.97,   465.41
  461.65,   458.01,   219.58
  458.77,   454.24,   342.91
  455.02,   451.26,   468.60
  211.45,   210.57,   449.33
  207.36,   208.52,   573.77
  203.03,   206.05,   698.73
  207.41,   334.39,   450.32
  204.08,   332.68,   576.42
  200.39,   330.38,   701.18
  204.72,   458.66,   450.90
  201.62,   457.84,   577.31
  198.24,   456.91,   702.77
  334.58,   211.85,   452.79
  331.03,   210.38,   576.95
  327.33,   207.97,   701.75
  331.18,   336.39,   453.10
  327.67,   334.94,   578.73
  325.14,   333.87,   703.75
  328.42,   460.71,   453.60
  325.29,   460.34,   579.77
  322.74,   459.90,   705.63
  458.20,   213.47,   456.38
  455.08,   212.27,   580.49
  452.30,   210.88,   704.68
  456.22,   337.71,   455.28
  452.21,   337.27,   581.17
  449.59,   336.88,   706.36
  453.86,   462.99,   456.05
  449.87,   463.08,   582.23
  447.63,   462.81,   708.06
  209.49,   449.44,   208.71
  210.16,   450.17,   334.18
  212.12,   450.92,   460.47
  205.91,   575.07,   209.84
  207.64,   575.51,   334.20
  209.83,   575.95,   459.63
  203.02,   701.01,   211.34
  205.63,   701.36,   334.10
  207.46,   701.27,   457.85
  334.37,   453.15,   207.20
  335.22,   453.30,   331.98
  335.81,   453.92,   457.87
  330.61,   578.53,   207.46
  332.18,   578.39,   332.16
  333.58,   578.90,   458.12
  327.10,   703.94,   208.76
  329.84,   704.41,   333.47
  331.67,   704.36,   457.90
  459.25,   457.30,   206.61
  460.48,   456.42,   329.80
  461.37,   456.30,   455.08
  455.55,   581.74,   205.78
  457.14,   581.75,   330.60
  458.51,   582.47,   456.70
  451.75,   706.79,   206.25
  453.94,   707.49,   332.42
  455.52,   708.12,   458.63
  210.09,   448.90,   451.89
  211.64,   445.93,   578.29
  212.60,   442.93,   703.66
  211.23,   573.58,   453.39
  211.79,   571.00,   579.80
  212.48,   568.61,   704.97
  212.29,   699.10,   454.02
  211.80,   696.02,   579.04
  210.86,   692.79,   704.25
  334.04,   448.30,   449.92
  335.17,   445.59,   576.14
  337.38,   443.34,   701.94
  335.10,   573.44,   452.44
  336.47,   571.03,   578.38
  337.32,   568.41,   703.78
  336.34,   698.80,   455.23
  336.68,   695.67,   580.13
  336.87,   692.55,   704.23
  459.72,   447.48,   447.53
  459.83,   445.73,   573.91
  461.98,   443.52,   700.09
  459.68,   573.19,   451.73
  460.84,   570.93,   577.50
  462.58,   567.97,   702.36
  460.53,   699.37,   456.10
  461.37,   695.96,   580.96
  463.65,   691.66,   704.15
  448.38,   207.69,   210.09
  447.99,   207.30,   335.09
  447.70,   206.50,   460.02
  447.30,   333.23,   211.09
  447.54,   331.93,   334.99
  447.42,   330.76,   459.34
  446.30,   458.42,   211.40
  446.99,   456.78,   334.86
  446.74,   455.71,   460.55
  573.76,   208.83,   208.64
  573.48,   208.15,   334.54
  573.53,   206.85,   460.22
  572.48,   334.69,   210.01
  572.58,   332.80,   334.34
  573.27,   331.06,   459.36
  571.69,   459.72,   211.31
  572.04,   457.90,   334.84
  572.41,   456.40,   459.28
  699.43,   210.91,   206.87
  700.09,   209.63,   333.44
  700.58,   208.12,   460.25
  697.43,   335.42,   208.86
  698.61,   333.70,   334.23
  699.52,   332.23,   460.05
  696.33,   460.26,   211.37
  697.73,   458.92,   335.49
  698.06,   457.56,   460.32
  447.97,   210.97,   450.68
  447.59,   209.48,   575.36
  447.68,   207.66,   699.53
  449.11,   335.43,   450.23
  447.90,   334.50,   576.13
  447.70,   333.62,   701.58
  449.54,   460.76,   451.35
  448.08,   460.14,   577.72
  448.75,   459.49,   703.56
  573.96,   210.23,   452.40
  573.26,   209.16,   576.96
  573.49,   207.80,   700.27
  574.78,   334.85,   451.47
  573.76,   333.96,   576.92
  572.89,   333.44,   702.61
  575.23,   460.04,   451.77
  574.14,   459.67,   578.19
  573.07,   459.30,   704.78
  701.09,   210.51,   454.07
  699.99,   209.63,   578.81
  698.89,   208.96,   701.55
  701.30,   334.97,   453.60
  699.91,   333.59,   578.92
  698.40,   332.91,   704.01
  700.97,   460.09,   453.99
  699.75,   458.79,   579.51
  697.59,   457.90,   706.07
  449.45,   448.49,   210.98
  448.76,   445.99,   334.20
  447.83,   443.81,   459.63
  451.80,   573.27,   212.36
  451.34,   571.09,   337.00
  450.18,   569.59,   463.12
  453.67,   698.22,   214.71
  453.81,   696.59,   341.12
  453.59,   695.54,   466.82
  574.80,   446.50,   211.88
  574.27,   443.42,   335.30
  573.59,   440.80,   459.76
  577.31,   570.92,   213.33
  576.75,   568.83,   337.77
  576.00,   567.21,   463.25
  579.83,   695.43,   214.70
  579.31,   694.31,   341.18
  578.52,   693.23,   467.53
  699.23,   443.66,   212.74
  699.96,   441.01,   336.91
  699.31,   438.72,   461.65
  702.37,   568.67,   214.83
  702.64,   566.36,   338.85
  701.78,   564.82,   463.64
  706.14,   693.26,   215.07
  705.61,   691.97,   340.59
  704.64,   691.13,   466.46
  447.53,   450.48,   449.57
  448.64,   447.60,   575.77
  451.35,   444.17,   701.84
  444.21,   576.00,   454.77
  446.10,   572.64,   580.44
  448.58,   568.74,   705.18
  441.32,   701.97,   460.03
  443.02,   697.54,   584.89
  445.54,   692.32,   707.97
  573.57,   453.71,   447.82
  574.36,   450.66,   573.97
  575.75,   447.49,   700.37
  569.66,   579.80,   453.14
  571.38,   576.43,   578.94
  572.93,   572.64,   704.14
  566.49,   706.14,   459.08
  568.23,   701.83,   584.05
  570.76,   696.33,   706.60
  698.97,   457.60,   447.59
  700.05,   453.80,   573.05
  700.59,   450.13,   699.40
  695.48,   583.91,   451.62
  696.35,   580.25,   576.91
  697.28,   576.35,   703.05
  692.31,   709.86,   456.22
  693.73,   706.75,   581.19
  695.11,   702.84,   705.66
