pa1-debug-c-auxilliary1.txt
EM distortion factor =     0.0100
EM noise =       0.00
Optical tracker jiggle factor =     0.0000
EM pivot post actual position =   198.36,   208.93,   207.12
EM pivot post est    position =   198.05,   206.45,   205.19
Optical pivot post actual position =   392.31,   399.95,   200.22
Optical pivot post est    position =   392.31,   399.95,   200.22
Cal EM observed - cal EM estimated
  0:    -0.87,    -2.52,    -2.49
  1:     0.85,    -0.12,    -1.00
  2:     2.57,     1.72,     0.21
  3:    -0.46,     0.13,    -2.40
  4:     0.57,     0.84,    -0.76
  5:     1.14,     1.60,     0.99
  6:     0.48,     1.67,    -1.87
  7:    -0.22,     1.16,    -0.41
  8:    -1.09,     1.22,     1.09
  9:    -0.47,    -0.00,    -2.13
 10:     1.05,    -1.26,     0.52
 11:     1.71,    -2.44,     1.86
 12:    -1.54,     0.82,    -2.22
 13:    -0.11,     1.03,    -0.11
 14:     0.89,     0.65,     1.56
 15:    -1.03,     1.14,    -1.86
 16:    -0.69,     2.43,    -1.22
 17:    -0.02,     2.84,    -0.05
 18:     0.23,     2.29,    -1.31
 19:     1.35,    -2.19,     1.52
 20:     0.75,    -5.41,     2.33
 21:    -1.53,     1.31,    -1.74
 22:     0.04,     0.69,     0.16
 23:     1.00,    -0.62,     1.26
 24:    -1.25,     0.35,    -1.49
 25:    -0.10,     2.58,    -1.70
 26:     1.56,     2.93,    -1.08
 27:     2.49,     1.60,     0.19
 28:     2.19,     1.07,    -0.85
 29:    -0.61,    -1.62,    -3.84
 30:     1.24,     1.59,     0.87
 31:     0.08,     1.84,     0.79
 32:    -2.51,     1.79,    -0.93
 33:    -0.96,     1.09,     1.06
 34:    -1.95,     2.00,     1.49
 35:    -2.20,     3.67,     0.98
 36:     1.72,    -2.41,     1.86
 37:     0.39,    -2.85,     0.59
 38:    -2.62,    -2.25,    -2.46
 39:     0.90,     0.71,     1.51
 40:    -0.00,    -0.28,     1.04
 41:    -2.60,    -1.17,    -1.20
 42:    -0.12,     2.81,    -0.04
 43:    -0.09,     1.81,     0.49
 44:    -0.69,     0.08,     0.20
 45:     0.91,    -5.20,     2.38
 46:    -1.44,    -4.75,     0.99
 47:    -4.44,    -0.89,    -1.51
 48:     0.98,    -0.38,     1.21
 49:     0.17,    -1.79,     0.56
 50:    -2.28,    -2.55,    -1.41
 51:     1.39,     3.08,    -1.16
 52:     2.06,     0.80,    -0.44
 53:     1.01,    -2.93,    -0.19
 54:     0.43,     1.60,    -1.87
 55:    -0.15,     1.11,    -0.32
 56:    -0.90,     1.25,     1.21
 57:     0.70,     0.37,    -1.12
 58:    -0.94,     0.84,    -0.35
 59:    -2.14,     1.99,     0.13
 60:     0.35,    -2.76,    -0.75
 61:    -1.16,     0.67,    -1.24
 62:    -1.70,     4.25,    -2.12
 63:    -1.10,     1.21,    -1.90
 64:    -0.67,     2.39,    -1.05
 65:     0.04,     2.67,     0.19
 66:     0.92,     0.96,    -1.99
 67:     0.24,     2.50,    -2.24
 68:     0.31,     3.22,    -1.60
 69:     3.52,     0.39,    -2.64
 70:     2.34,     1.65,    -3.07
 71:     1.66,     2.34,    -2.69
 72:    -1.38,     0.42,    -1.53
 73:    -0.16,     2.52,    -1.56
 74:     1.51,     2.73,    -0.87
 75:     1.71,     0.97,    -1.57
 76:     1.64,     2.85,    -2.76
 77:     2.42,     2.77,    -2.31
 78:     6.01,     2.69,    -1.79
 79:     4.39,     1.57,    -2.39
 80:     3.16,    -0.48,    -1.81
 81:    -0.87,     1.17,     1.11
 82:    -1.87,     2.03,     1.49
 83:    -2.27,     3.55,     0.88
 84:    -2.12,     1.83,     0.08
 85:    -2.10,     2.96,     0.40
 86:    -0.15,     3.29,     0.87
 87:    -1.82,     4.01,    -2.08
 88:    -0.66,     4.81,    -2.09
 89:     2.31,     1.43,    -0.76
 90:    -0.04,     2.75,     0.05
 91:    -0.05,     1.64,     0.50
 92:    -0.82,    -0.22,     0.05
 93:     0.22,     3.19,    -1.72
 94:     0.95,     2.59,    -0.43
 95:     2.18,     0.94,     1.20
 96:     1.62,     2.37,    -2.82
 97:     2.25,     2.39,    -1.17
 98:     4.25,     1.72,     1.67
 99:     1.40,     2.94,    -1.03
100:     1.99,     0.60,    -0.38
101:     0.78,    -3.08,    -0.30
102:     2.33,     2.82,    -2.47
103:     3.29,     0.82,    -0.68
104:     3.66,    -1.85,     1.66
105:     3.26,    -0.39,    -1.95
106:     3.23,    -1.22,     0.06
107:     4.41,     0.51,     3.15
108:     0.08,     2.19,    -1.46
109:     1.33,    -2.13,     1.47
110:     0.77,    -5.54,     2.31
111:    -1.63,     1.23,    -1.75
112:     0.03,     0.67,     0.25
113:     0.95,    -0.88,     1.42
114:    -1.30,     0.60,    -1.62
115:    -0.13,     2.71,    -1.61
116:     1.46,     2.80,    -0.84
117:     0.78,     2.56,    -1.04
118:     1.91,    -2.08,     1.31
119:     1.23,    -4.85,     1.51
120:    -0.33,     1.23,    -1.52
121:     1.19,     0.27,    -0.14
122:     1.87,    -1.12,     0.53
123:     0.11,     0.39,    -1.25
124:     1.24,     2.11,    -1.53
125:     2.52,     1.76,    -0.87
126:     1.54,     0.32,    -1.08
127:     2.55,    -1.71,     0.19
128:     2.51,    -1.27,    -0.14
129:     1.81,     0.81,    -1.76
130:     2.95,    -0.24,    -0.87
131:     3.23,    -0.56,    -0.41
132:     2.18,     1.30,    -1.31
133:     2.69,     1.20,    -0.78
134:     2.78,     0.02,     0.36
135:     0.89,    -5.25,     2.37
136:    -1.44,    -4.71,     0.95
137:    -4.42,    -0.99,    -1.57
138:     0.97,    -0.52,     1.30
139:     0.09,    -1.83,     0.59
140:    -2.36,    -2.54,    -1.43
141:     1.38,     3.02,    -1.10
142:     2.02,     0.78,    -0.42
143:     0.96,    -2.89,    -0.21
144:     1.23,    -4.94,     1.57
145:    -1.20,    -3.26,    -0.10
146:    -3.94,     1.59,    -2.31
147:     1.90,    -1.09,     0.52
148:     0.84,    -1.58,    -0.06
149:    -1.55,    -1.18,    -1.37
150:     2.47,     1.79,    -0.92
151:     2.57,    -0.36,     0.13
152:     1.06,    -3.22,     0.91
153:     2.41,    -1.42,    -0.08
154:     1.17,     1.00,    -2.06
155:    -0.91,     4.04,    -4.51
156:     3.24,    -0.60,    -0.43
157:     2.00,     0.39,    -0.50
158:    -0.45,     2.10,    -0.83
159:     2.89,    -0.03,     0.27
160:     1.77,    -0.94,     1.90
161:    -0.16,    -0.97,     3.19
162:    -1.43,     0.50,    -1.57
163:    -0.26,     2.55,    -1.50
164:     1.32,     2.70,    -0.69
165:     1.61,     1.05,    -1.70
166:     1.49,     2.91,    -2.80
167:     2.25,     2.91,    -2.27
168:     5.86,     2.63,    -1.98
169:     4.20,     1.55,    -2.60
170:     3.10,    -0.14,    -1.98
171:     0.02,     0.40,    -1.30
172:     1.17,     1.95,    -1.43
173:     2.44,     1.63,    -0.78
174:     2.39,     1.13,    -0.59
175:     2.20,     2.46,    -1.50
176:     2.62,     1.62,    -1.05
177:     5.38,     2.60,     0.60
178:     3.35,     0.97,     0.31
179:     1.91,    -1.53,     0.38
180:     2.20,     1.29,    -1.49
181:     2.80,     1.00,    -0.90
182:     2.92,    -0.03,     0.19
183:     2.37,     1.63,     0.47
184:     1.81,     1.67,     1.02
185:     1.22,     0.04,     1.78
186:     2.13,     0.84,     3.41
187:     0.05,     0.61,     4.18
188:    -1.53,    -1.01,     3.52
189:     1.33,     2.88,    -0.89
190:     1.77,     0.45,    -0.31
191:     0.35,    -3.11,    -0.48
192:     2.31,     2.84,    -2.39
193:     3.25,     0.77,    -0.56
194:     3.43,    -2.09,     1.59
195:     3.18,    -0.41,    -1.90
196:     3.36,    -1.03,     0.25
197:     4.59,     0.58,     3.39
198:     2.42,     1.78,    -0.89
199:     2.44,    -0.45,     0.08
200:     0.68,    -3.06,     0.59
201:     2.53,     1.65,    -1.02
202:     2.79,    -0.92,     0.64
203:     2.33,    -3.57,     2.51
204:     1.78,    -1.52,     0.62
205:     1.44,    -2.84,     1.28
206:     2.31,    -1.89,     2.45
207:     2.94,     0.06,     0.11
208:     1.90,    -0.81,     1.63
209:    -0.15,    -0.55,     2.80
210:     1.16,     0.21,     1.87
211:     0.30,    -1.97,     2.97
212:    -0.38,    -3.21,     3.81
213:    -1.71,    -0.76,     3.89
214:    -2.24,    -2.69,     2.21
215:    -0.99,    -4.28,     0.29
