8, 8, 27, 8, pa1-unknown-i-calreadings.txt
    3.69,    18.00, -1499.89
    3.32,    16.20, -1349.90
    4.50,   167.99, -1498.09
    4.13,   166.19, -1348.10
  153.69,    17.18, -1499.53
  153.32,    15.38, -1349.54
  154.50,   167.17, -1497.73
  154.13,   165.37, -1347.74
  214.11,   225.31, -1286.47
  215.16,   218.96, -1036.56
  208.22,   475.16, -1280.10
  209.26,   468.81, -1030.18
  464.04,   231.23, -1287.37
  465.09,   224.88, -1037.45
  458.15,   481.08, -1280.99
  459.19,   474.73, -1031.08
  207.00,   211.17,   214.99
  210.41,   209.36,   337.59
  212.66,   207.48,   461.30
  204.62,   338.00,   213.73
  208.47,   332.94,   336.81
  211.35,   329.20,   461.51
  200.92,   462.07,   212.44
  204.86,   455.92,   336.95
  208.57,   451.90,   462.65
  329.09,   216.26,   213.63
  333.11,   212.90,   336.58
  335.85,   208.89,   460.81
  327.75,   341.55,   212.53
  330.54,   335.95,   336.09
  333.38,   331.31,   460.93
  326.68,   465.20,   211.41
  328.17,   459.76,   336.72
  330.70,   456.12,   462.70
  453.67,   221.60,   211.31
  456.83,   216.85,   333.99
  459.31,   211.29,   458.49
  452.54,   344.56,   211.69
  453.89,   339.55,   335.65
  456.11,   334.96,   460.42
  452.79,   467.81,   211.22
  452.49,   464.07,   337.75
  453.81,   461.37,   464.09
   12.23,     9.51, -1499.92
   11.00,     8.56, -1349.93
   10.28,   159.49, -1498.99
    9.06,   158.54, -1348.99
  162.21,    11.45, -1498.69
  160.99,    10.50, -1348.69
  160.26,   161.43, -1497.75
  159.04,   160.48, -1347.76
  216.24,   218.17, -1046.02
  212.95,   217.13,  -796.05
  211.78,   468.13, -1045.04
  208.49,   467.09,  -795.07
  466.18,   222.61, -1042.72
  462.89,   221.58,  -792.74
  461.72,   472.57, -1041.74
  458.43,   471.53,  -791.76
  211.62,   208.67,   451.79
  209.72,   207.97,   578.78
  205.18,   206.90,   708.64
  213.19,   330.44,   449.96
  212.23,   331.28,   577.01
  209.02,   334.67,   705.91
  213.21,   453.20,   449.09
  213.56,   455.33,   574.97
  211.78,   461.20,   700.46
  334.85,   207.27,   452.74
  332.34,   205.29,   579.58
  326.73,   204.37,   708.23
  335.20,   329.67,   450.84
  335.31,   329.67,   577.56
  333.59,   332.42,   705.39
  335.41,   454.47,   450.64
  337.14,   456.09,   576.52
  338.34,   460.41,   701.73
  458.40,   206.72,   451.85
  456.36,   204.37,   579.05
  452.18,   204.41,   707.57
  457.99,   330.30,   451.69
  458.64,   329.64,   578.19
  458.20,   331.33,   705.46
  458.67,   456.60,   453.37
  460.57,   457.40,   579.15
  462.75,   459.39,   703.97
    4.52,     3.37, -1499.99
    4.06,     3.03, -1349.99
    2.67,   153.35, -1499.66
    2.22,   153.02, -1349.66
  154.50,     5.21, -1499.53
  154.05,     4.87, -1349.53
  152.66,   155.20, -1499.20
  152.21,   154.86, -1349.20
  207.17,   457.16, -1288.20
  201.49,   454.79, -1038.27
  202.26,   707.10, -1285.94
  196.58,   704.73, -1036.02
  457.06,   462.02, -1282.47
  451.38,   459.65, -1032.55
  452.15,   711.96, -1280.21
  446.46,   709.59, -1030.29
  207.22,   453.22,   209.00
  207.76,   447.85,   333.31
  208.21,   444.48,   458.95
  205.06,   574.65,   209.83
  205.11,   570.38,   335.47
  205.74,   568.50,   461.06
  203.40,   695.21,   213.77
  202.00,   693.39,   339.92
  201.24,   694.06,   464.39
  332.86,   453.46,   211.27
  331.07,   448.77,   336.39
  330.38,   445.78,   462.23
  333.29,   576.74,   211.11
  330.42,   573.94,   338.29
  328.74,   572.52,   465.14
  332.46,   700.78,   213.83
  328.86,   700.48,   342.02
  325.37,   700.33,   468.81
  458.71,   453.21,   214.53
  455.27,   450.15,   340.69
  453.47,   448.10,   466.75
  460.84,   578.63,   212.99
  456.12,   577.16,   341.82
  452.80,   576.31,   470.13
  461.21,   706.48,   212.80
  455.85,   705.99,   342.87
  450.57,   704.86,   472.55
    8.36,    12.42, -1499.93
    7.52,    11.18, -1349.93
    6.94,   162.41, -1498.69
    6.11,   161.17, -1348.70
  158.35,    13.84, -1499.08
  157.52,    12.59, -1349.08
  156.93,   163.83, -1497.84
  156.10,   162.58, -1347.85
  211.83,   462.18, -1043.61
  203.39,   453.34,  -793.91
  210.46,   712.02, -1034.80
  202.02,   703.18,  -785.10
  461.68,   463.25, -1035.12
  453.24,   454.41,  -785.42
  460.31,   713.09, -1026.32
  451.87,   704.25,  -776.62
  214.29,   446.02,   450.19
  211.64,   444.53,   576.13
  206.65,   446.66,   702.01
  213.24,   570.09,   454.95
  211.21,   569.50,   578.67
  206.73,   571.63,   700.61
  210.26,   695.77,   460.94
  207.52,   695.54,   582.67
  202.77,   695.75,   702.38
  336.45,   445.92,   454.65
  335.22,   443.87,   580.45
  333.14,   444.57,   705.92
  336.37,   572.73,   460.16
  334.79,   571.08,   584.65
  333.24,   571.02,   707.01
  334.60,   700.68,   466.37
  330.53,   697.99,   589.65
  327.11,   695.39,   710.27
  459.63,   446.69,   460.21
  458.64,   443.76,   585.79
  457.54,   442.13,   710.69
  460.52,   574.83,   466.12
  458.97,   572.23,   591.53
  458.73,   569.96,   714.32
  459.83,   703.34,   470.99
  455.76,   699.69,   596.58
  454.33,   696.16,   718.70
   -3.92,     9.11, -1499.97
   -3.53,     8.20, -1349.97
   -3.40,   159.11, -1499.06
   -3.01,   158.20, -1349.06
  146.08,     8.59, -1500.36
  146.47,     7.68, -1350.37
  146.60,   158.59, -1499.45
  146.99,   157.68, -1349.46
  447.03,   214.35, -1291.06
  446.69,   208.84, -1041.12
  448.08,   464.28, -1285.55
  447.73,   458.78, -1035.61
  697.03,   213.29, -1290.74
  696.69,   207.79, -1040.80
  698.07,   463.23, -1285.23
  697.73,   457.73, -1035.29
  443.53,   211.28,   211.57
  445.63,   206.45,   334.32
  446.85,   200.76,   458.87
  445.89,   334.62,   212.13
  446.14,   329.19,   335.93
  447.14,   324.12,   460.65
  449.87,   457.79,   212.01
  448.39,   453.55,   338.28
  448.52,   450.34,   464.42
  571.45,   213.66,   209.98
  571.46,   207.45,   331.88
  571.62,   200.74,   456.13
  572.92,   334.62,   213.43
  571.71,   329.72,   336.37
  571.73,   324.95,   460.34
  574.98,   456.65,   214.78
  573.35,   453.69,   340.69
  573.34,   451.26,   466.31
  701.85,   216.12,   209.07
  698.90,   209.34,   330.16
  697.20,   202.50,   453.37
  701.32,   335.57,   215.33
  698.52,   330.94,   336.79
  697.23,   326.50,   459.57
  698.95,   456.24,   217.98
  698.04,   453.43,   342.19
  698.61,   451.06,   466.77
  -21.85,   -10.15, -1499.81
  -19.67,    -9.14, -1349.83
  -22.70,   139.84, -1500.81
  -20.51,   140.86, -1350.83
  128.13,    -9.33, -1502.00
  130.31,    -8.31, -1352.02
  127.29,   140.67, -1503.00
  129.47,   141.68, -1353.02
  434.67,   206.12, -1058.70
  442.21,   201.77,  -808.85
  428.88,   456.01, -1054.18
  436.42,   451.66,  -804.33
  684.49,   212.03, -1066.13
  692.03,   207.68,  -816.29
  678.70,   461.93, -1061.61
  686.24,   457.58,  -811.76
  449.25,   207.53,   449.05
  449.75,   201.86,   576.09
  447.85,   198.41,   704.52
  447.29,   330.89,   452.10
  450.36,   326.93,   578.54
  452.13,   325.26,   705.84
  446.36,   457.06,   456.95
  450.83,   454.60,   582.64
  455.39,   453.34,   707.48
  573.94,   210.03,   443.96
  575.99,   204.60,   571.42
  577.78,   202.53,   701.14
  571.89,   334.17,   449.66
  575.08,   330.07,   576.27
  577.91,   328.18,   704.84
  571.15,   460.36,   456.61
  574.96,   457.42,   582.46
  578.39,   455.02,   708.07
  699.50,   214.25,   439.07
  702.98,   209.29,   566.23
  708.89,   207.96,   697.16
  697.43,   338.01,   446.83
  700.34,   334.30,   573.78
  704.09,   333.16,   704.56
  696.39,   462.38,   454.80
  699.36,   459.76,   581.19
  700.92,   458.50,   708.76
   -7.95,     1.84, -1499.98
   -7.15,     1.66, -1349.98
   -7.88,   151.84, -1499.79
   -7.08,   151.65, -1349.80
  142.05,     1.77, -1500.77
  142.85,     1.59, -1350.77
  142.12,   151.77, -1500.59
  142.91,   151.59, -1350.59
  441.79,   450.03, -1292.34
  441.98,   444.85, -1042.39
  439.36,   699.96, -1287.16
  439.54,   694.79, -1037.21
  691.78,   452.47, -1292.47
  691.97,   447.29, -1042.53
  689.34,   702.40, -1287.30
  689.53,   697.23, -1037.35
  448.18,   448.55,   208.79
  446.73,   443.73,   334.84
  446.83,   439.88,   460.81
  449.97,   573.64,   208.89
  447.27,   570.45,   337.52
  445.91,   567.92,   465.72
  449.94,   701.07,   210.48
  446.63,   699.11,   340.37
  443.40,   696.52,   469.94
  573.46,   448.76,   211.59
  571.74,   445.24,   337.33
  571.62,   442.22,   462.76
  574.08,   574.55,   210.75
  571.82,   571.63,   339.32
  571.01,   569.39,   467.59
  574.35,   703.88,   209.13
  571.20,   699.86,   339.14
  568.87,   696.42,   469.70
  697.70,   449.74,   214.88
  696.57,   446.46,   338.98
  696.93,   443.57,   463.38
  694.79,   574.43,   213.84
  694.72,   570.56,   340.40
  696.24,   568.08,   467.26
  694.45,   702.88,   210.19
  693.49,   696.16,   338.25
  694.26,   692.39,   467.25
   19.84,   -19.59, -1499.74
   17.86,   -17.63, -1349.77
   22.01,   130.38, -1501.67
   20.02,   132.34, -1351.70
  169.82,   -21.73, -1497.73
  167.83,   -19.77, -1347.75
  171.98,   128.25, -1499.66
  169.99,   130.21, -1349.68
  470.30,   431.26, -1049.85
  461.46,   438.76,  -800.12
  480.12,   680.97, -1057.00
  471.28,   688.47,  -807.27
  719.95,   421.71, -1040.73
  711.11,   429.21,  -790.99
  729.77,   671.41, -1047.88
  720.93,   678.91,  -798.15
  449.43,   447.77,   451.23
  449.18,   450.36,   576.99
  449.20,   454.40,   701.87
  452.89,   575.86,   451.60
  451.68,   578.78,   577.50
  452.07,   582.08,   700.52
  455.09,   704.51,   450.94
  451.11,   706.32,   577.23
  449.62,   708.12,   699.68
  574.22,   445.68,   455.41
  573.32,   447.82,   581.39
  572.18,   450.65,   707.11
  577.95,   572.66,   455.52
  576.83,   575.62,   581.80
  576.43,   578.78,   705.52
  580.32,   699.42,   452.60
  578.06,   702.39,   579.81
  578.05,   706.59,   702.94
  699.43,   442.63,   458.15
  697.68,   445.01,   584.84
  694.68,   448.80,   712.69
  702.98,   566.88,   457.43
  701.98,   570.73,   583.59
  699.25,   575.97,   708.24
  705.35,   690.82,   452.58
  705.17,   696.18,   578.78
  704.81,   704.32,   701.52
