27, 125, pa2-debug-f-output1.txt
  205.32,   204.03,   201.04
  405.50,   397.61,   197.29
   99.17,    97.89,    98.60
   98.92,   101.31,   224.39
   99.14,   105.62,   350.69
   98.42,   222.32,    95.42
   97.69,   225.42,   221.67
   98.56,   230.52,   347.26
   98.97,   348.34,    92.07
   98.22,   351.61,   217.76
   97.99,   355.43,   343.10
  223.31,    98.75,    98.99
  223.92,   101.93,   224.78
  224.86,   106.73,   350.85
  222.85,   223.40,    96.13
  223.02,   226.54,   222.06
  223.78,   231.68,   347.22
  224.05,   349.18,    92.98
  223.18,   352.30,   217.97
  223.11,   356.23,   342.30
  348.91,    99.71,    99.38
  349.60,   102.82,   224.70
  349.96,   106.19,   349.78
  348.04,   224.76,    96.28
  348.50,   228.16,   220.88
  348.82,   231.08,   345.41
  348.24,   349.41,    94.11
  348.15,   353.24,   218.05
  347.86,   356.90,   341.64
   98.51,   101.34,   223.90
   99.44,   104.15,   350.35
  100.01,   105.92,   475.76
   97.13,   225.68,   223.10
   98.37,   228.95,   348.97
   99.41,   231.31,   473.72
   97.22,   351.80,   220.97
   97.67,   354.07,   345.93
   98.14,   355.40,   471.34
  223.58,   102.23,   223.75
  225.04,   105.58,   349.93
  225.83,   108.03,   475.38
  222.33,   227.15,   222.71
  223.88,   230.19,   347.88
  224.70,   232.99,   473.27
  222.27,   352.98,   220.48
  222.30,   354.85,   344.74
  222.52,   356.42,   469.89
  349.08,   103.38,   223.02
  349.99,   105.45,   348.20
  350.16,   107.67,   473.07
  347.94,   228.77,   220.86
  348.66,   230.46,   345.78
  348.77,   232.27,   471.00
  347.01,   353.90,   220.09
  347.16,   355.76,   343.28
  347.41,   357.60,   467.99
  100.42,   101.08,   350.06
  103.91,    99.88,   475.42
  107.58,    97.37,   599.69
  100.15,   225.96,   351.52
  104.31,   225.24,   476.51
  107.76,   223.01,   601.03
  100.27,   351.09,   351.76
  103.74,   349.34,   477.06
  107.20,   347.14,   602.19
  226.00,   101.63,   346.36
  229.63,   100.77,   471.58
  232.59,    98.39,   596.03
  225.32,   226.43,   347.67
  229.66,   226.27,   472.92
  232.59,   224.08,   597.64
  225.01,   351.27,   347.68
  228.32,   349.44,   472.74
  231.54,   347.76,   598.00
  350.84,   100.72,   342.16
  354.39,   100.06,   466.48
  357.01,    99.32,   591.22
  350.02,   225.79,   342.48
  353.52,   224.81,   467.71
  355.95,   224.07,   593.52
  349.53,   351.43,   343.30
  352.69,   349.75,   468.13
  355.54,   348.34,   593.84
   98.47,   101.72,   477.26
  100.81,    97.88,   601.39
  102.94,    94.16,   725.88
   95.77,   227.21,   479.69
   97.99,   223.40,   604.47
   99.61,   218.18,   728.72
   92.17,   351.23,   481.90
   94.78,   347.37,   606.95
   96.70,   343.74,   731.80
  223.94,   105.96,   474.84
  225.85,   102.14,   599.61
  227.23,    97.42,   723.30
  220.98,   231.04,   478.00
  222.87,   227.71,   602.69
  223.47,   222.78,   727.08
  216.88,   354.39,   478.74
  219.02,   351.01,   604.47
  220.96,   347.61,   730.19
  348.59,   108.26,   470.93
  350.31,   105.62,   595.72
  352.05,   102.78,   720.75
  344.95,   232.80,   473.66
  346.59,   230.50,   599.48
  348.14,   228.43,   724.78
  341.14,   357.58,   475.52
  342.91,   354.52,   601.22
  344.74,   351.43,   727.39
  101.66,    99.91,   601.23
  103.66,    96.51,   725.86
  105.90,    94.32,   849.99
   99.89,   225.53,   604.01
  101.63,   220.50,   728.34
  103.12,   217.40,   853.36
   97.61,   349.74,   606.21
   99.90,   346.28,   731.15
  101.75,   343.81,   855.89
  226.74,   103.08,   598.99
  228.32,    98.81,   723.00
  229.93,    95.66,   848.36
  224.77,   228.27,   601.86
  225.65,   224.20,   726.33
  226.83,   220.09,   851.67
  222.09,   351.95,   603.62
  223.99,   348.91,   728.97
  226.59,   346.58,   853.57
  351.27,   105.78,   595.42
  352.75,   102.63,   720.40
  355.07,    99.37,   846.48
  348.17,   230.43,   598.66
  350.14,   228.85,   724.26
  352.49,   225.91,   849.15
  345.97,   354.66,   600.40
  347.93,   351.50,   726.16
  351.14,   348.54,   850.74
   97.71,   225.75,   101.26
   98.24,   226.75,   227.23
  100.08,   229.22,   352.96
   99.82,   351.65,    99.94
   99.99,   352.83,   225.59
  100.78,   354.27,   350.97
  100.47,   477.57,    98.86
  101.26,   478.62,   223.88
  101.53,   479.14,   349.24
  222.52,   225.41,   100.90
  223.22,   226.29,   226.52
  225.19,   229.25,   352.00
  224.76,   351.41,   100.16
  225.13,   352.53,   225.03
  225.46,   353.67,   349.22
  225.77,   477.10,    98.72
  225.91,   478.24,   223.16
  226.07,   478.73,   347.17
  347.48,   225.85,   100.10
  348.97,   226.76,   224.69
  350.22,   227.56,   349.59
  348.81,   350.20,   100.18
  349.97,   351.75,   224.01
  350.36,   353.09,   347.73
  348.92,   475.03,    99.13
  350.30,   476.64,   223.38
  350.63,   478.43,   346.33
  100.57,   223.06,   226.01
  100.00,   222.51,   351.62
   99.30,   220.91,   476.57
  102.49,   349.37,   227.51
  101.29,   347.57,   352.95
  100.07,   344.87,   477.84
  104.05,   475.21,   229.58
  102.23,   472.11,   354.53
  100.04,   468.73,   480.08
  225.63,   222.97,   227.38
  225.24,   222.04,   352.73
  224.58,   220.78,   477.82
  227.48,   348.71,   229.20
  225.77,   346.63,   353.24
  224.67,   343.96,   478.59
  228.61,   474.38,   230.77
  226.38,   471.38,   354.59
  224.54,   468.10,   479.59
  351.16,   222.74,   227.08
  350.13,   220.10,   352.23
  348.73,   218.00,   477.39
  352.10,   347.69,   230.27
  350.63,   345.58,   353.68
  349.11,   343.14,   478.63
  352.80,   472.77,   232.72
  351.05,   470.96,   356.10
  349.39,   468.35,   480.57
   98.79,   227.26,   351.20
   97.30,   229.03,   475.94
   95.05,   229.48,   600.28
  100.70,   352.19,   349.02
   98.59,   353.07,   474.19
   96.51,   353.61,   598.99
  102.41,   477.19,   347.08
   99.62,   477.09,   472.86
   97.20,   478.36,   598.09
  224.32,   226.15,   353.14
  222.47,   228.44,   478.25
  220.01,   229.05,   602.95
  225.14,   350.73,   350.14
  222.84,   351.70,   475.09
  220.64,   352.57,   601.03
  226.73,   475.81,   347.82
  223.75,   475.83,   473.23
  221.32,   476.42,   599.25
  348.79,   223.75,   353.46
  346.52,   225.33,   478.72
  343.71,   227.20,   604.33
  349.82,   349.08,   351.36
  347.65,   350.38,   476.47
  344.85,   351.58,   602.27
  351.23,   474.52,   350.30
  348.55,   475.60,   474.63
  345.90,   475.93,   600.75
  101.09,   227.82,   476.37
  104.50,   223.40,   600.88
  106.72,   217.62,   725.24
   98.21,   351.58,   478.89
  101.70,   347.41,   603.99
  104.43,   343.00,   728.84
   95.23,   475.30,   482.22
   98.49,   471.90,   607.35
  102.19,   469.09,   732.11
  226.15,   230.60,   473.38
  228.94,   226.69,   598.03
  230.64,   221.73,   722.80
  222.67,   354.10,   475.14
  225.93,   350.16,   600.40
  228.59,   346.17,   726.10
  219.57,   478.18,   477.31
  222.62,   474.32,   603.49
  226.02,   471.42,   729.38
  350.09,   231.56,   468.42
  352.62,   229.13,   594.16
  355.43,   226.47,   719.60
  347.31,   356.65,   470.92
  349.95,   353.16,   596.42
  352.56,   349.37,   722.76
  344.56,   481.72,   473.91
  347.04,   477.80,   599.86
  349.57,   473.19,   725.99
   98.99,   226.57,   600.54
  100.88,   225.00,   725.15
  102.68,   224.80,   849.91
   99.61,   350.58,   599.40
  102.02,   350.53,   724.24
  104.29,   351.45,   849.19
   99.80,   475.32,   598.81
  103.42,   476.73,   723.32
  106.91,   478.12,   847.82
  223.66,   226.40,   598.02
  225.20,   225.46,   722.59
  226.49,   224.84,   847.91
  223.90,   350.12,   596.30
  226.23,   350.34,   721.89
  229.28,   350.84,   846.56
  224.33,   474.28,   595.03
  227.05,   475.43,   721.11
  230.89,   476.76,   845.63
  347.54,   225.29,   594.74
  349.72,   226.95,   720.03
  352.25,   227.39,   845.16
  348.15,   349.42,   592.73
  350.46,   349.86,   719.06
  353.66,   350.22,   843.79
  348.68,   474.07,   591.60
  350.77,   473.74,   717.86
  354.44,   474.02,   842.82
  101.85,   350.81,    98.85
  104.45,   350.08,   224.55
  107.92,   349.45,   349.92
   99.15,   476.76,   100.23
  102.63,   475.87,   225.04
  105.10,   474.05,   350.17
   94.64,   601.81,   101.51
   98.68,   600.42,   226.37
  101.47,   598.53,   351.54
  226.69,   354.26,    96.52
  229.72,   353.34,   221.38
  232.77,   352.22,   345.34
  224.12,   479.76,    97.07
  227.01,   479.20,   221.57
  229.45,   477.21,   345.37
  219.47,   604.56,    97.95
  223.63,   603.87,   222.77
  227.02,   602.73,   347.28
  350.88,   357.15,    94.02
  354.43,   356.39,   217.81
  357.36,   355.50,   341.36
  347.18,   481.88,    95.19
  350.79,   481.20,   219.17
  353.95,   480.90,   342.55
  343.31,   607.40,    95.58
  347.53,   606.25,   220.26
  350.89,   605.26,   344.33
  100.38,   351.61,   224.90
  102.74,   352.81,   350.07
  105.39,   353.40,   475.23
  100.47,   477.50,   223.07
  102.04,   477.44,   348.35
  103.98,   477.58,   473.95
   98.95,   601.88,   222.20
  100.81,   602.22,   347.47
  102.88,   602.79,   472.94
  225.38,   352.47,   222.35
  227.67,   353.55,   346.52
  229.71,   354.30,   471.41
  225.07,   478.26,   220.71
  226.57,   478.40,   344.53
  228.14,   478.61,   469.53
  224.02,   603.27,   219.92
  226.50,   604.00,   344.28
  228.04,   604.32,   469.34
  350.16,   353.07,   219.82
  352.24,   354.53,   343.41
  354.53,   355.20,   468.13
  349.32,   478.14,   219.14
  351.35,   479.59,   342.35
  353.16,   480.66,   466.88
  347.68,   603.12,   218.42
  350.28,   603.96,   342.08
  352.55,   605.20,   467.16
  101.31,   351.53,   349.64
  101.40,   348.87,   474.41
  101.63,   346.02,   599.81
  102.42,   476.29,   351.30
  101.73,   472.87,   476.62
  101.82,   470.52,   601.81
  102.26,   601.04,   353.51
  102.45,   597.90,   479.24
  102.42,   595.52,   604.09
  226.01,   350.91,   348.60
  225.93,   348.35,   473.40
  226.19,   345.53,   599.17
  226.61,   475.69,   349.47
  225.98,   472.41,   474.61
  226.29,   469.67,   600.76
  227.89,   600.93,   352.64
  227.28,   597.74,   477.80
  226.52,   595.07,   603.80
  350.83,   349.82,   347.45
  350.48,   347.78,   472.17
  350.13,   345.02,   598.20
  351.29,   475.11,   349.61
  351.30,   472.85,   474.22
  350.68,   469.75,   600.04
  351.82,   599.56,   352.65
  352.04,   597.54,   477.62
  351.52,   594.92,   603.40
  102.55,   349.83,   473.94
   99.23,   348.60,   598.75
   95.89,   347.19,   723.59
  102.85,   473.59,   474.20
   99.75,   472.97,   599.40
   97.59,   473.16,   723.97
  104.19,   598.75,   475.05
  100.65,   598.20,   600.30
   98.58,   598.25,   724.13
  226.82,   348.68,   475.95
  223.82,   347.32,   601.51
  220.28,   346.11,   727.14
  227.47,   472.83,   475.54
  224.22,   471.64,   601.86
  221.59,   471.37,   727.82
  228.94,   598.25,   476.95
  224.93,   597.08,   602.65
  221.65,   596.58,   728.40
  351.44,   347.20,   478.02
  347.75,   346.43,   603.74
  344.42,   345.90,   729.84
  352.44,   472.47,   478.18
  348.70,   470.94,   604.17
  345.04,   469.40,   730.32
  353.48,   597.11,   479.97
  350.02,   596.56,   606.05
  346.08,   595.45,   732.11
  102.64,   351.00,   599.96
   99.12,   351.64,   724.70
   95.86,   353.15,   849.51
  100.12,   475.35,   598.30
   97.99,   477.82,   723.07
   95.66,   479.69,   847.60
   98.21,   600.63,   597.28
   95.92,   602.94,   721.21
   94.93,   604.84,   845.28
  226.81,   353.04,   602.29
  223.51,   353.99,   728.32
  220.59,   355.22,   852.73
  224.27,   476.96,   600.40
  221.96,   478.77,   726.59
  219.82,   481.55,   850.79
  222.34,   602.84,   599.68
  219.03,   604.05,   725.18
  217.44,   606.08,   849.24
  350.62,   355.00,   604.42
  347.58,   355.97,   730.55
  345.37,   357.05,   855.22
  348.91,   479.67,   602.87
  345.48,   480.25,   729.05
  343.67,   481.21,   853.84
  347.43,   605.08,   602.70
  343.32,   606.45,   728.84
  339.80,   607.62,   853.13
  100.76,   477.08,   100.94
  104.30,   476.63,   226.04
  107.26,   475.21,   350.87
  100.24,   601.81,   101.44
  104.96,   601.23,   226.33
  108.23,   599.85,   351.66
   99.74,   726.32,   102.37
  104.28,   725.82,   227.13
  108.81,   725.93,   352.44
  225.90,   475.81,    97.41
  228.99,   475.35,   222.22
  231.71,   474.23,   345.69
  225.45,   600.71,    97.76
  229.84,   600.61,   222.76
  233.50,   599.74,   347.06
  223.67,   724.90,    98.27
  229.93,   724.93,   223.68
  235.22,   725.11,   349.60
  348.98,   473.38,    95.07
  352.79,   473.41,   219.12
  356.56,   473.46,   342.54
  349.21,   598.88,    94.99
  353.59,   598.38,   219.80
  357.42,   597.79,   343.66
  349.79,   724.68,    95.11
  354.63,   723.44,   220.57
  358.51,   721.92,   345.57
  101.01,   476.55,   223.05
  102.45,   472.35,   348.07
  103.57,   467.77,   473.50
   98.19,   601.34,   226.42
   99.69,   597.07,   351.89
  101.15,   592.91,   477.17
   94.55,   725.61,   230.16
   96.74,   722.38,   355.67
   99.57,   719.34,   481.20
  225.77,   478.82,   220.91
  226.82,   474.57,   344.64
  227.95,   470.30,   469.58
  223.28,   603.66,   224.52
  225.09,   599.94,   349.16
  226.27,   595.69,   474.29
  220.09,   728.30,   228.83
  223.72,   725.55,   354.69
  224.92,   722.22,   479.61
  349.55,   480.20,   219.97
  351.54,   476.96,   343.27
  353.15,   473.32,   467.61
  347.08,   605.09,   223.63
  349.19,   601.43,   347.37
  350.84,   598.22,   472.23
  344.93,   729.83,   227.38
  347.11,   725.40,   352.57
  349.14,   722.70,   477.53
   99.94,   475.81,   350.41
   95.82,   471.97,   475.79
   92.37,   468.55,   600.84
  100.79,   600.18,   353.34
   97.10,   596.62,   478.85
   93.39,   593.63,   603.96
  101.70,   726.46,   356.77
   99.00,   723.37,   482.34
   94.75,   719.38,   606.83
  224.02,   474.35,   352.08
  219.92,   470.11,   477.34
  216.46,   466.66,   603.56
  226.41,   599.46,   355.89
  221.86,   595.87,   481.17
  217.58,   592.35,   606.78
  228.51,   725.32,   361.03
  224.11,   722.46,   485.90
  218.96,   718.69,   610.86
  348.70,   473.06,   355.67
  345.07,   469.71,   480.38
  341.00,   465.96,   606.24
  350.10,   597.19,   359.71
  346.43,   594.29,   484.47
  342.30,   591.08,   610.28
  351.83,   721.17,   364.20
  348.38,   719.04,   489.32
  343.82,   717.48,   615.66
   99.26,   476.01,   473.74
   95.79,   473.73,   599.18
   92.80,   471.80,   723.41
   99.24,   601.33,   476.58
   95.65,   598.76,   601.52
   93.14,   597.18,   725.55
   99.59,   727.89,   479.21
   95.35,   724.39,   604.02
   92.51,   721.96,   728.04
  223.49,   475.99,   475.29
  219.71,   473.25,   601.69
  216.91,   471.47,   727.55
  224.08,   601.77,   478.56
  219.57,   598.66,   604.57
  215.98,   596.45,   729.87
  224.85,   728.17,   483.04
  219.68,   725.36,   607.86
  214.57,   721.45,   732.07
  348.35,   477.03,   478.40
  344.24,   473.63,   604.53
  340.39,   470.52,   730.75
  348.64,   601.57,   482.07
  344.52,   599.19,   607.90
  340.02,   596.46,   733.94
  349.01,   726.11,   486.28
  344.85,   725.21,   612.50
  338.77,   724.19,   738.09
  102.27,   476.18,   601.64
  104.19,   478.64,   726.23
  106.78,   480.99,   850.94
  102.86,   601.11,   599.95
  104.82,   603.72,   724.14
  108.48,   606.17,   848.31
  103.59,   727.30,   598.26
  104.75,   728.20,   722.28
  108.43,   730.39,   846.15
  226.31,   475.12,   599.20
  228.24,   477.34,   725.43
  230.71,   480.02,   849.72
  226.87,   600.73,   597.88
  227.92,   602.52,   723.56
  230.52,   604.50,   847.67
  227.69,   727.14,   597.09
  227.53,   727.86,   721.68
  229.83,   728.66,   846.28
  351.14,   475.05,   597.06
  352.03,   475.98,   723.10
  354.29,   477.19,   847.92
  351.86,   600.24,   596.27
  352.34,   601.91,   722.88
  353.38,   603.71,   847.34
  352.84,   726.47,   597.02
  352.55,   729.75,   723.05
  352.49,   731.72,   846.70
   98.76,   601.10,   100.62
   99.70,   602.07,   225.54
   99.20,   601.80,   351.04
   96.85,   725.74,   100.36
   98.22,   726.16,   224.73
   98.86,   727.51,   350.22
   97.21,   849.78,    99.58
   99.00,   851.14,   224.35
   99.14,   854.12,   350.02
  223.95,   600.99,   100.55
  224.76,   601.88,   225.18
  224.85,   602.43,   349.93
  221.48,   725.07,    99.58
  223.75,   726.52,   225.32
  225.75,   728.20,   351.03
  221.53,   849.69,    99.14
  223.36,   851.11,   224.79
  225.16,   853.08,   350.77
  347.73,   599.91,   101.33
  348.55,   600.85,   226.10
  349.10,   601.66,   349.76
  347.41,   725.75,   100.01
  348.63,   725.63,   225.53
  349.22,   725.63,   350.57
  347.79,   850.68,    99.59
  347.73,   849.82,   225.19
  349.60,   849.91,   350.70
  100.95,   600.62,   225.47
   98.50,   602.64,   350.96
   96.41,   605.42,   476.30
   97.36,   725.03,   222.47
   95.67,   728.39,   348.00
   94.97,   731.94,   473.66
   96.31,   850.00,   219.58
   94.39,   854.65,   344.92
   92.41,   858.17,   470.72
  225.98,   602.62,   226.92
  223.88,   605.32,   351.55
  221.37,   607.66,   476.82
  222.99,   727.51,   224.70
  222.91,   731.29,   350.57
  220.47,   734.27,   475.92
  220.55,   851.95,   221.87
  220.27,   856.08,   348.08
  218.59,   859.78,   473.21
  349.83,   603.59,   229.62
  348.12,   606.81,   353.77
  345.83,   609.68,   478.69
  348.06,   728.45,   227.05
  346.50,   730.70,   351.95
  344.43,   734.49,   477.56
  344.90,   852.68,   224.42
  344.35,   854.95,   349.79
  343.21,   858.75,   475.20
   99.94,   601.58,   349.48
  100.29,   598.30,   475.02
  100.73,   595.75,   599.83
   96.63,   727.64,   352.37
   97.87,   725.06,   477.98
   97.92,   721.38,   602.77
   93.99,   853.57,   355.57
   94.59,   851.72,   481.03
   94.03,   847.24,   606.08
  225.80,   605.15,   348.23
  225.40,   601.97,   473.22
  224.80,   598.81,   599.09
  223.67,   731.23,   352.72
  223.51,   728.41,   477.85
  222.24,   724.99,   602.90
  219.99,   856.22,   355.88
  220.47,   853.98,   481.42
  219.23,   850.37,   605.84
  349.80,   607.44,   347.84
  350.17,   604.92,   472.79
  350.08,   602.14,   598.41
  347.08,   731.29,   351.82
  347.60,   729.33,   477.18
  347.47,   728.11,   603.65
  344.14,   855.81,   355.44
  345.38,   853.99,   480.62
  344.60,   853.39,   606.40
  100.89,   601.55,   473.45
  101.37,   599.85,   598.66
  103.06,   599.17,   722.98
   98.24,   728.02,   475.29
   98.43,   725.48,   600.31
   99.10,   723.88,   724.36
   94.38,   854.38,   476.99
   94.29,   851.27,   601.95
   94.74,   848.83,   726.68
  225.75,   605.21,   471.50
  225.52,   603.25,   597.40
  226.11,   602.03,   723.12
  223.36,   731.82,   474.78
  222.43,   729.87,   599.96
  221.86,   726.90,   724.17
  220.58,   856.95,   476.96
  219.56,   855.00,   601.66
  218.22,   851.63,   725.97
  350.33,   608.26,   470.53
  350.57,   606.90,   596.62
  350.52,   605.07,   722.98
  347.93,   732.50,   473.86
  347.73,   732.77,   600.48
  346.18,   732.89,   726.43
  345.43,   857.42,   475.88
  344.87,   858.02,   601.74
  343.50,   858.59,   727.75
   99.22,   601.66,   601.54
   99.31,   602.54,   725.58
  100.57,   603.72,   849.91
  100.61,   727.37,   601.11
   99.75,   727.06,   725.18
  101.04,   727.92,   849.22
  100.66,   853.05,   601.44
   99.30,   851.78,   725.70
  100.17,   852.29,   850.00
  223.34,   600.54,   601.64
  222.63,   600.79,   727.26
  223.25,   601.68,   851.49
  224.63,   727.14,   602.51
  222.12,   726.09,   726.95
  222.64,   725.45,   851.43
  225.78,   852.27,   602.56
  222.91,   850.84,   726.88
  222.67,   850.16,   851.70
  348.65,   599.88,   602.26
  346.94,   599.98,   728.64
  345.96,   599.96,   852.95
  349.84,   725.87,   604.46
  347.06,   727.81,   730.15
  344.83,   727.87,   854.05
  351.39,   851.20,   604.38
  348.59,   853.48,   730.20
  347.68,   853.99,   854.58
  222.98,   100.93,    98.48
  223.65,    98.66,   224.07
  224.02,    98.33,   350.05
  223.40,   225.72,   100.96
  223.60,   223.58,   226.80
  224.52,   222.99,   352.17
  225.81,   351.54,   103.33
  224.99,   349.48,   228.32
  224.78,   347.79,   352.32
  348.57,   101.03,    98.76
  349.16,    98.58,   224.03
  349.56,    96.67,   349.44
  348.84,   226.13,   101.03
  349.10,   224.10,   225.76
  349.14,   221.55,   350.59
  349.86,   350.76,   104.17
  349.92,   348.93,   228.32
  349.51,   347.12,   351.67
  473.88,   101.51,    99.14
  473.80,    98.63,   223.64
  474.19,    96.06,   348.81
  474.04,   226.44,   101.38
  474.52,   224.03,   225.36
  473.91,   220.61,   350.06
  474.41,   350.13,   104.46
  474.61,   348.95,   228.40
  474.70,   346.97,   352.15
  224.67,    99.36,   224.35
  226.58,   103.65,   350.16
  227.66,   107.57,   475.55
  227.20,   224.00,   221.55
  229.25,   228.47,   347.15
  230.61,   232.54,   472.23
  231.41,   349.84,   218.12
  232.23,   352.99,   342.47
  232.89,   355.84,   467.23
  350.16,    96.13,   223.27
  351.82,    99.58,   348.37
  352.36,   103.32,   473.14
  352.92,   221.76,   219.79
  354.17,   224.33,   344.52
  354.77,   227.59,   469.85
  356.39,   346.49,   217.42
  356.99,   349.76,   340.88
  357.19,   352.86,   465.46
  474.58,    93.89,   221.63
  476.04,    95.92,   346.83
  476.68,    99.23,   471.51
  478.24,   219.27,   218.64
  478.65,   221.05,   342.70
  478.77,   223.82,   467.81
  480.91,   343.75,   216.34
  482.07,   346.78,   339.91
  482.20,   350.08,   464.40
  225.31,   101.11,   349.48
  225.85,    98.99,   474.88
  225.89,    95.32,   599.25
  226.99,   225.97,   352.05
  227.95,   224.16,   477.27
  227.82,   220.97,   602.04
  228.21,   350.46,   353.10
  228.29,   347.73,   478.06
  228.82,   344.64,   603.90
  350.53,    98.56,   348.10
  350.78,    96.54,   472.54
  350.79,    94.49,   597.39
  351.53,   223.41,   349.95
  351.67,   221.02,   475.07
  351.30,   219.45,   600.66
  352.93,   348.62,   351.79
  353.02,   346.33,   476.64
  352.60,   343.20,   602.52
  475.24,    96.28,   346.90
  475.42,    93.94,   471.26
  475.59,    92.56,   596.44
  476.35,   221.34,   348.66
  476.07,   218.32,   473.63
  476.27,   217.53,   599.83
  478.32,   347.18,   351.15
  477.88,   344.84,   475.82
  477.64,   342.21,   601.70
  227.42,   101.31,   476.84
  227.30,    98.37,   601.45
  226.62,    95.04,   725.47
  230.91,   226.50,   478.42
  230.82,   223.82,   603.25
  229.72,   220.67,   728.00
  233.47,   349.74,   478.38
  233.66,   347.64,   604.08
  233.59,   345.21,   729.91
  352.07,    96.59,   474.75
  351.77,    95.59,   599.40
  351.41,    93.20,   724.55
  355.02,   221.07,   476.62
  354.66,   220.22,   602.33
  354.21,   219.57,   727.57
  358.18,   346.43,   477.00
  357.56,   344.63,   602.73
  357.79,   342.67,   729.05
  476.62,    92.61,   473.61
  476.84,    91.87,   598.77
  476.74,    91.10,   724.94
  479.28,   216.81,   475.12
  479.50,   216.67,   601.34
  480.21,   217.15,   727.77
  482.87,   343.09,   476.44
  482.52,   341.10,   602.07
  482.94,   339.27,   728.33
  224.04,   101.64,   601.51
  220.09,    97.11,   725.74
  216.91,    93.93,   850.41
  227.86,   226.94,   604.68
  223.59,   222.03,   729.49
  219.38,   217.96,   854.50
  231.07,   350.23,   606.61
  227.73,   347.00,   732.36
  225.13,   344.05,   856.70
  348.28,    97.85,   603.11
  344.88,    94.52,   728.05
  341.55,    90.98,   854.14
  351.33,   222.80,   606.97
  348.30,   220.78,   732.09
  344.91,   217.45,   857.24
  355.15,   347.08,   608.58
  351.60,   344.05,   734.77
  349.95,   340.53,   858.90
  473.49,    94.41,   605.24
  470.09,    91.99,   731.16
  467.46,    87.82,   857.84
  476.25,   219.20,   609.00
  474.10,   218.03,   735.51
  471.79,   215.11,   860.19
  479.66,   343.56,   611.10
  476.84,   340.47,   737.26
  475.41,   336.78,   861.76
  222.04,   222.80,   101.17
  219.17,   225.79,   227.08
  216.53,   230.52,   352.30
  221.80,   348.61,    98.48
  217.83,   351.69,   223.52
  214.32,   354.81,   347.71
  220.38,   474.32,    95.16
  216.35,   477.56,   219.72
  211.90,   479.90,   343.37
  347.64,   226.06,   104.53
  344.48,   228.73,   228.96
  341.31,   231.70,   353.85
  346.16,   350.54,   102.94
  342.82,   353.86,   226.69
  338.90,   356.96,   350.27
  343.37,   475.24,   100.07
  340.18,   478.83,   223.88
  336.44,   482.36,   347.06
  472.64,   228.94,   107.90
  469.78,   231.72,   231.94
  465.94,   233.46,   356.40
  470.45,   352.70,   105.98
  467.54,   356.36,   230.00
  464.07,   359.76,   353.45
  467.68,   477.35,   103.68
  465.13,   480.92,   227.89
  461.68,   484.94,   351.09
  224.77,   223.26,   227.68
  227.92,   226.83,   352.80
  230.77,   229.99,   477.99
  228.13,   348.94,   224.73
  230.02,   351.40,   349.14
  232.06,   353.46,   474.00
  230.75,   474.69,   221.91
  232.01,   476.21,   345.62
  233.78,   477.55,   470.70
  350.39,   221.58,   223.92
  352.65,   223.37,   348.72
  354.56,   225.96,   474.23
  353.00,   346.87,   222.49
  354.98,   348.93,   346.10
  356.65,   350.95,   470.77
  354.99,   471.48,   220.53
  357.01,   474.25,   343.58
  358.78,   476.26,   468.18
  475.28,   219.87,   221.56
  477.65,   220.64,   345.80
  478.91,   223.02,   470.83
  477.80,   344.71,   219.88
  479.87,   346.96,   343.61
  481.74,   349.01,   468.25
  480.08,   469.32,   218.90
  482.27,   472.22,   342.08
  484.34,   474.61,   466.31
  226.67,   224.90,   350.85
  225.99,   222.70,   476.20
  224.36,   218.79,   600.76
  223.48,   349.33,   352.56
  221.96,   345.90,   477.65
  220.83,   341.98,   602.95
  220.11,   473.96,   354.58
  218.07,   469.78,   479.78
  216.75,   466.00,   605.79
  351.43,   226.55,   350.22
  349.85,   223.94,   475.74
  348.22,   221.72,   601.24
  348.09,   352.29,   352.56
  346.42,   348.99,   477.44
  344.49,   345.69,   603.42
  344.79,   477.18,   355.94
  343.20,   473.70,   480.48
  341.54,   469.71,   606.37
  476.21,   229.37,   350.88
  474.30,   225.90,   475.71
  472.64,   224.47,   602.08
  473.19,   355.64,   354.15
  471.31,   352.15,   478.53
  469.33,   348.84,   604.29
  470.40,   480.56,   357.56
  468.62,   477.51,   481.90
  466.36,   473.47,   607.41
  225.72,   228.02,   475.43
  223.80,   225.77,   600.15
  221.11,   221.68,   724.77
  226.66,   351.53,   475.38
  225.17,   348.98,   600.96
  223.63,   346.53,   726.75
  228.09,   475.47,   475.92
  226.97,   473.41,   602.36
  225.80,   471.63,   728.23
  349.40,   224.26,   474.81
  347.36,   223.38,   600.61
  345.62,   222.03,   725.80
  351.10,   349.23,   475.59
  349.22,   347.25,   601.35
  347.83,   344.99,   727.31
  353.15,   474.67,   477.01
  351.33,   471.93,   602.82
  349.58,   469.10,   729.32
  473.69,   221.07,   474.93
  472.31,   220.81,   601.10
  471.59,   220.87,   727.45
  476.24,   347.32,   476.56
  474.16,   345.31,   602.15
  472.82,   343.20,   728.67
  478.66,   472.93,   478.82
  476.55,   470.20,   603.86
  474.74,   466.63,   730.11
  224.21,   226.53,   600.12
  221.56,   223.19,   724.61
  218.82,   220.74,   850.06
  224.88,   349.70,   600.55
  223.10,   348.10,   726.22
  221.78,   347.08,   850.60
  225.15,   473.89,   600.93
  224.40,   473.23,   727.13
  224.17,   473.05,   851.53
  347.90,   225.03,   600.50
  346.06,   224.36,   725.99
  344.62,   222.62,   851.15
  348.70,   348.93,   600.95
  347.22,   347.59,   726.71
  346.62,   345.77,   851.55
  349.77,   473.64,   601.72
  347.93,   471.53,   727.84
  347.70,   469.88,   852.54
  472.80,   223.92,   601.46
  472.16,   224.55,   727.88
  471.24,   223.27,   852.75
  473.57,   348.23,   601.66
  472.49,   346.87,   727.77
  472.33,   344.71,   852.55
  474.69,   473.06,   602.64
  472.77,   470.52,   728.93
  472.65,   467.80,   853.84
  225.71,   351.69,   100.18
  228.12,   349.60,   225.01
  230.88,   347.55,   349.20
  225.46,   477.12,   102.02
  227.65,   475.17,   226.25
  229.95,   472.72,   350.28
  223.32,   601.86,   103.73
  227.09,   600.22,   228.35
  229.77,   597.90,   353.18
  349.87,   351.87,    98.16
  352.94,   350.21,   222.14
  355.45,   348.54,   345.64
  348.85,   476.80,   100.50
  351.79,   475.24,   224.22
  354.42,   473.40,   347.54
  347.20,   601.94,   102.09
  351.02,   600.07,   226.65
  353.72,   598.00,   350.52
  474.15,   352.29,    95.36
  477.60,   351.18,   219.07
  480.76,   349.30,   342.83
  473.29,   476.94,    97.80
  476.97,   475.86,   221.98
  479.98,   474.60,   345.32
  471.94,   602.97,    99.31
  475.69,   600.78,   224.47
  479.02,   598.87,   348.25
  224.74,   349.82,   224.42
  226.29,   353.27,   348.50
  227.98,   356.50,   473.41
  222.61,   475.78,   220.20
  223.83,   478.36,   344.26
  224.70,   480.76,   469.11
  219.78,   600.49,   217.13
  221.69,   603.74,   341.85
  222.78,   606.31,   466.67
  349.76,   352.60,   222.30
  351.36,   355.84,   345.80
  352.52,   359.27,   470.58
  346.86,   477.14,   219.12
  348.49,   481.12,   342.35
  349.97,   484.28,   466.79
  343.77,   602.27,   216.04
  345.59,   605.70,   340.04
  347.54,   609.02,   464.88
  474.33,   355.13,   220.18
  476.43,   358.79,   343.85
  477.84,   362.07,   468.20
  471.54,   479.77,   217.73
  473.89,   483.86,   341.24
  475.37,   487.60,   465.26
  468.58,   604.59,   214.65
  470.42,   607.92,   338.86
  472.65,   611.70,   463.34
  223.69,   348.72,   348.47
  225.17,   346.74,   473.51
  226.54,   344.32,   599.25
  220.67,   473.37,   349.38
  221.58,   470.69,   474.35
  222.95,   468.36,   600.63
  218.45,   598.84,   351.75
  219.28,   596.02,   477.20
  219.99,   593.92,   602.75
  348.36,   351.48,   346.11
  349.69,   349.35,   470.92
  350.70,   347.39,   596.97
  345.42,   476.62,   347.88
  346.71,   474.65,   472.39
  347.48,   472.12,   598.51
  342.52,   600.95,   350.61
  343.94,   599.29,   475.37
  344.67,   597.10,   601.38
  473.52,   354.55,   344.77
  474.82,   352.62,   469.39
  475.33,   350.79,   594.90
  471.02,   479.78,   347.09
  472.04,   478.17,   471.57
  472.97,   475.34,   596.58
  467.69,   603.82,   349.84
  469.10,   602.38,   474.67
  470.60,   600.59,   600.35
  224.32,   349.56,   474.27
  226.23,   351.30,   599.54
  227.55,   352.86,   725.39
  226.66,   473.44,   470.71
  228.14,   475.41,   596.71
  230.09,   477.87,   722.79
  229.45,   599.02,   469.00
  230.66,   600.79,   595.09
  232.08,   603.21,   720.63
  349.05,   346.57,   471.43
  350.31,   348.97,   597.04
  351.57,   350.93,   723.23
  351.59,   472.00,   468.31
  352.85,   473.48,   594.15
  353.93,   474.78,   720.62
  354.16,   596.48,   467.14
  355.37,   598.47,   593.10
  356.56,   600.61,   719.48
  474.12,   344.01,   469.34
  474.74,   346.47,   595.00
  476.83,   348.61,   721.18
  477.05,   469.74,   467.25
  477.93,   471.19,   592.48
  479.09,   472.10,   718.59
  479.82,   594.08,   466.07
  481.19,   596.37,   591.75
  482.26,   598.61,   717.96
  224.67,   349.07,   598.05
  221.62,   345.36,   724.06
  218.86,   342.45,   848.70
  220.68,   472.90,   600.71
  218.20,   470.53,   726.58
  216.22,   468.78,   850.72
  216.37,   598.40,   603.80
  213.66,   595.51,   729.40
  212.01,   593.32,   853.51
  348.68,   352.66,   600.22
  345.58,   349.58,   726.62
  343.56,   346.36,   851.05
  344.82,   477.16,   602.72
  341.58,   473.36,   729.20
  340.06,   470.43,   853.85
  341.39,   602.47,   607.02
  337.65,   599.37,   733.24
  334.69,   596.37,   857.32
  473.61,   356.74,   602.74
  470.63,   353.33,   728.99
  468.82,   349.59,   853.68
  470.12,   481.47,   605.86
  466.72,   477.08,   731.51
  464.54,   472.78,   856.61
  466.93,   606.60,   610.35
  463.47,   603.49,   736.54
  459.36,   600.00,   860.67
  225.42,   475.74,   101.88
  224.51,   479.53,   226.06
  223.62,   482.77,   349.91
  225.16,   600.59,    97.79
  225.78,   604.49,   222.69
  225.54,   607.95,   347.09
  223.86,   724.86,    94.29
  225.80,   729.17,   219.48
  227.16,   733.62,   345.48
  348.57,   473.15,   103.52
  348.63,   477.28,   227.35
  348.02,   481.49,   350.42
  349.31,   598.63,    99.38
  349.62,   602.28,   223.90
  349.46,   606.19,   347.80
  349.84,   724.25,    94.91
  350.96,   727.19,   220.60
  350.63,   730.04,   345.56
  473.27,   471.58,   104.34
  473.98,   475.97,   228.30
  473.77,   480.69,   351.82
  473.99,   597.52,    99.93
  474.61,   600.79,   224.70
  474.46,   604.69,   348.95
  475.52,   724.13,    95.74
  475.22,   725.70,   220.83
  474.63,   728.40,   345.49
  224.80,   476.20,   226.07
  221.47,   472.28,   349.70
  217.72,   467.92,   474.75
  221.79,   601.28,   229.34
  219.21,   597.58,   353.91
  215.18,   593.36,   479.00
  218.27,   725.86,   233.30
  216.88,   723.44,   359.17
  213.30,   720.06,   484.10
  348.99,   477.99,   229.71
  345.89,   475.16,   352.56
  342.93,   471.55,   477.06
  345.65,   603.11,   232.93
  342.99,   599.59,   356.89
  339.78,   596.35,   481.62
  343.12,   727.54,   236.72
  340.65,   723.76,   361.52
  337.72,   720.95,   487.04
  474.16,   480.96,   232.66
  471.37,   478.45,   356.19
  468.21,   475.01,   480.46
  470.73,   605.68,   236.54
  467.82,   602.28,   360.17
  465.35,   599.38,   485.03
  467.16,   730.23,   239.86
  464.27,   725.57,   364.28
  462.45,   723.02,   490.06
  225.06,   475.89,   349.51
  222.36,   475.23,   474.64
  220.34,   474.65,   601.21
  223.42,   601.24,   350.46
  220.71,   600.48,   475.60
  217.43,   600.42,   601.52
  222.13,   727.04,   352.33
  219.32,   727.28,   477.11
  215.03,   726.81,   602.28
  349.91,   478.59,   351.99
  347.43,   478.47,   476.28
  344.85,   477.73,   602.40
  347.47,   602.96,   352.53
  345.04,   602.93,   477.53
  342.38,   603.21,   603.51
  345.36,   727.08,   353.91
  343.33,   727.89,   479.55
  340.31,   729.17,   605.45
  475.26,   481.35,   354.52
  472.86,   481.34,   478.85
  469.80,   480.67,   604.26
  472.32,   605.51,   355.30
  470.38,   605.59,   480.33
  468.29,   605.68,   606.21
  469.23,   728.72,   355.89
  468.05,   729.27,   481.48
  466.75,   731.43,   608.23
  225.12,   475.43,   473.79
  221.53,   471.41,   600.26
  218.77,   468.56,   726.19
  222.37,   600.80,   478.16
  217.83,   597.14,   603.63
  214.57,   593.68,   729.33
  219.89,   727.57,   483.37
  214.69,   723.29,   608.09
  209.84,   718.69,   732.40
  350.18,   479.63,   477.08
  346.34,   475.61,   603.13
  342.12,   471.20,   729.17
  346.87,   604.12,   481.46
  342.99,   601.01,   607.52
  338.75,   597.10,   733.66
  344.27,   729.07,   486.59
  339.77,   727.04,   613.01
  333.97,   724.57,   738.51
  475.50,   483.67,   480.89
  471.26,   479.38,   606.47
  467.03,   474.58,   732.13
  472.32,   607.73,   485.58
  468.49,   604.49,   611.44
  464.43,   601.08,   737.64
  468.93,   731.50,   490.42
  466.09,   730.06,   617.01
  461.57,   729.87,   743.74
  224.78,   475.71,   597.67
  225.21,   472.82,   723.57
  226.44,   470.24,   848.21
  222.66,   601.16,   601.49
  222.70,   598.08,   727.10
  223.69,   595.08,   851.33
  220.75,   727.82,   605.70
  219.37,   723.16,   730.26
  220.54,   718.82,   854.55
  349.30,   478.29,   596.73
  348.80,   473.97,   723.25
  349.94,   470.34,   848.00
  347.77,   603.83,   601.61
  346.77,   600.24,   727.81
  346.74,   596.71,   851.96
  346.08,   729.60,   607.11
  343.65,   727.78,   732.94
  342.93,   724.11,   856.44
  474.64,   480.82,   596.54
  474.15,   476.17,   722.84
  475.14,   471.51,   847.76
  473.40,   606.14,   601.79
  472.53,   602.43,   728.22
  471.76,   598.55,   852.68
  472.44,   731.41,   607.60
  471.65,   731.13,   734.58
  469.37,   728.84,   857.81
  226.99,   599.58,   100.56
  224.45,   601.91,   225.22
  221.55,   603.37,   349.56
  228.08,   723.75,    98.75
  226.97,   726.37,   223.87
  225.79,   729.12,   350.00
  231.40,   848.63,    97.01
  229.88,   850.94,   222.53
  228.62,   854.02,   348.55
  350.72,   595.40,   104.54
  348.55,   597.33,   229.14
  345.57,   599.26,   352.88
  353.95,   721.09,   102.48
  351.89,   722.35,   227.59
  349.10,   723.23,   352.61
  357.39,   846.26,   101.02
  354.49,   846.24,   226.32
  352.70,   847.18,   351.60
  475.84,   592.07,   107.96
  473.33,   594.03,   232.77
  470.39,   595.90,   356.81
  479.44,   718.68,   105.72
  476.03,   718.83,   230.83
  473.13,   719.53,   355.63
  482.36,   843.44,   104.05
  478.88,   842.85,   229.22
  476.09,   843.18,   353.87
  227.98,   601.19,   223.17
  231.73,   602.16,   347.66
  234.38,   602.63,   472.86
  223.85,   725.81,   222.74
  229.61,   727.67,   348.60
  232.30,   728.88,   473.78
  220.56,   850.28,   222.03
  225.72,   852.62,   348.00
  229.44,   854.19,   473.24
  351.82,   603.10,   220.17
  355.50,   604.15,   344.44
  359.09,   605.39,   468.80
  348.90,   727.78,   219.38
  352.91,   728.09,   344.58
  356.47,   729.99,   469.67
  344.84,   852.03,   219.16
  349.91,   852.18,   344.07
  354.19,   854.42,   469.41
  476.68,   605.70,   217.41
  480.34,   607.09,   341.14
  484.37,   608.65,   465.87
  473.08,   730.68,   216.06
  476.53,   730.46,   340.52
  481.33,   731.99,   465.95
  469.09,   854.84,   215.05
  473.44,   854.26,   339.60
  478.50,   855.99,   464.68
  226.25,   599.81,   350.74
  225.00,   602.51,   476.16
  223.52,   605.36,   601.91
  229.64,   725.50,   349.50
  228.33,   729.15,   474.75
  226.14,   731.83,   599.55
  231.42,   850.36,   347.10
  231.15,   854.39,   472.09
  228.76,   856.88,   596.82
  350.22,   596.86,   351.65
  349.63,   599.86,   476.31
  348.59,   603.24,   602.49
  353.10,   720.77,   349.87
  352.54,   724.24,   475.03
  351.24,   729.24,   601.36
  355.60,   844.49,   347.34
  355.75,   848.72,   472.43
  354.15,   854.33,   598.28
  475.28,   594.19,   352.82
  475.09,   597.89,   477.49
  474.12,   600.99,   603.34
  476.70,   717.42,   350.09
  477.19,   721.13,   475.48
  477.47,   726.56,   602.17
  478.98,   841.48,   347.03
  479.77,   845.24,   472.36
  480.38,   851.36,   598.56
  225.87,   598.26,   472.57
  222.14,   595.94,   598.17
  219.19,   594.16,   724.00
  225.19,   724.96,   476.52
  220.70,   722.40,   601.20
  216.43,   719.11,   725.57
  223.47,   850.46,   478.99
  218.89,   847.93,   603.78
  214.01,   843.79,   727.88
  350.58,   600.14,   475.29
  347.13,   598.01,   601.15
  343.44,   595.62,   727.58
  349.52,   724.78,   479.23
  345.73,   724.15,   605.35
  340.96,   723.30,   731.19
  348.55,   849.20,   481.98
  344.34,   849.49,   607.46
  339.07,   849.30,   733.20
  476.00,   601.95,   478.81
  472.98,   599.79,   604.40
  469.23,   597.83,   730.59
  474.35,   725.33,   481.99
  472.00,   725.61,   608.58
  468.67,   726.49,   735.60
  472.71,   849.57,   483.72
  470.47,   850.99,   610.36
  467.37,   853.44,   737.47
  225.46,   598.12,   599.25
  222.42,   597.82,   724.93
  220.27,   597.45,   848.72
  224.12,   724.46,   600.62
  219.41,   722.74,   725.27
  217.22,   721.17,   849.47
  222.35,   850.09,   601.83
  216.97,   847.78,   726.20
  214.67,   845.73,   850.61
  350.44,   600.01,   602.69
  346.65,   599.25,   728.72
  342.95,   598.68,   853.23
  349.12,   726.00,   605.32
  343.88,   727.17,   731.25
  339.73,   726.21,   854.68
  347.85,   851.46,   606.00
  342.49,   853.18,   731.61
  339.30,   852.30,   855.99
  476.23,   602.25,   606.05
  472.32,   601.31,   732.26
  468.17,   600.36,   856.70
  475.53,   727.49,   608.93
  471.77,   730.23,   735.82
  466.19,   730.53,   859.31
  474.20,   852.91,   608.95
  470.41,   856.89,   735.98
  466.16,   857.26,   860.03
  348.18,    97.96,   101.03
  346.30,    99.98,   226.18
  343.73,   102.52,   351.57
  350.60,   223.24,    98.90
  348.06,   225.23,   223.50
  345.59,   227.36,   348.59
  353.25,   347.85,    97.87
  350.58,   350.35,   221.98
  347.51,   353.01,   345.65
  473.54,    97.04,   104.34
  471.01,    98.36,   228.49
  468.30,    99.63,   353.77
  475.65,   221.61,   101.77
  473.41,   223.84,   226.22
  470.23,   224.80,   350.50
  477.85,   345.30,   101.03
  475.48,   348.37,   224.94
  472.54,   350.74,   348.28
  598.87,    95.24,   107.19
  595.33,    96.51,   232.06
  592.83,    98.26,   356.31
  600.91,   219.17,   105.98
  597.69,   221.23,   230.56
  594.55,   223.31,   353.82
  603.24,   343.59,   103.82
  600.19,   346.63,   228.92
  597.62,   349.06,   352.34
  349.41,    99.06,   225.56
  346.91,   101.85,   350.52
  343.80,   105.49,   475.55
  347.33,   224.37,   222.23
  344.96,   226.64,   347.00
  341.72,   229.99,   472.45
  346.43,   349.19,   219.94
  342.91,   352.52,   343.58
  339.66,   354.99,   468.24
  473.96,   100.97,   227.35
  471.56,   103.19,   352.76
  468.35,   106.09,   477.39
  472.64,   226.37,   224.48
  469.51,   227.87,   348.94
  465.93,   230.70,   474.02
  471.21,   350.89,   222.64
  468.28,   354.10,   346.10
  464.53,   357.01,   470.80
  598.57,   102.98,   230.68
  595.58,   105.21,   355.33
  593.11,   108.00,   480.33
  596.94,   227.78,   229.12
  594.17,   230.18,   351.89
  591.21,   233.63,   476.74
  596.10,   352.88,   226.46
  593.63,   356.12,   349.95
  590.37,   358.97,   474.17
  349.99,    99.82,   348.25
  350.77,    97.76,   472.77
  351.22,    95.84,   597.50
  352.85,   224.71,   349.90
  353.66,   222.36,   475.35
  354.12,   220.49,   601.33
  356.03,   350.20,   352.04
  356.69,   347.51,   476.80
  357.19,   344.80,   602.53
  474.65,    96.02,   346.34
  475.22,    93.79,   470.82
  476.13,    92.23,   595.92
  477.79,   220.82,   348.00
  477.78,   217.98,   473.22
  478.97,   216.81,   599.54
  481.52,   346.90,   350.68
  481.94,   343.88,   475.36
  482.05,   341.60,   601.13
  598.98,    92.74,   345.24
  600.23,    90.12,   470.24
  601.66,    88.60,   595.66
  601.98,   217.90,   347.20
  603.28,   215.82,   472.04
  605.10,   214.06,   598.44
  606.46,   343.61,   350.34
  607.18,   341.04,   474.98
  608.26,   337.80,   600.54
  348.45,    99.13,   474.64
  348.32,   103.07,   599.37
  348.03,   106.32,   724.65
  346.45,   223.43,   470.84
  346.13,   228.10,   596.59
  346.15,   232.00,   721.77
  344.53,   348.74,   466.23
  344.13,   351.86,   591.65
  344.14,   355.37,   718.07
  473.16,    99.68,   473.34
  473.00,   104.78,   598.31
  473.69,   109.62,   724.62
  470.53,   224.22,   469.19
  470.79,   229.18,   595.32
  471.57,   234.61,   721.76
  469.49,   350.66,   465.28
  468.84,   353.84,   590.78
  469.10,   357.15,   716.89
  598.17,   101.56,   473.01
  599.21,   106.60,   598.70
  600.53,   111.64,   725.38
  595.85,   227.06,   468.56
  596.96,   231.53,   595.19
  598.36,   235.39,   722.33
  595.08,   352.46,   465.50
  595.07,   355.61,   591.12
  595.40,   358.36,   717.17
  348.80,   100.90,   599.15
  351.30,    97.45,   724.31
  353.63,    93.57,   850.53
  350.96,   226.01,   603.00
  353.70,   223.56,   728.16
  356.44,   220.25,   853.53
  353.67,   349.90,   604.68
  356.08,   346.72,   730.84
  360.15,   343.36,   855.42
  473.92,    98.24,   595.94
  476.66,    96.04,   721.65
  480.06,    92.37,   848.27
  475.65,   223.05,   599.53
  479.24,   221.80,   726.06
  483.02,   218.90,   850.62
  478.41,   347.62,   601.52
  481.40,   344.38,   727.63
  485.22,   340.51,   852.34
  599.79,    95.51,   593.78
  603.01,    94.11,   719.91
  606.71,    90.01,   845.68
  602.08,   220.74,   596.83
  606.41,   218.27,   724.07
  609.61,   215.01,   848.71
  604.30,   344.68,   599.29
  607.53,   341.17,   725.26
  610.16,   337.69,   850.33
  350.15,   226.30,    98.71
  353.62,   227.61,   222.96
  356.32,   228.67,   347.92
  350.50,   351.01,    98.44
  353.55,   352.70,   222.40
  355.76,   354.61,   345.93
  349.90,   475.61,    96.91
  352.54,   477.59,   221.11
  355.08,   479.49,   344.44
  475.22,   227.02,    96.30
  478.72,   228.75,   220.15
  481.13,   228.73,   344.61
  475.03,   351.09,    95.98
  478.32,   353.24,   219.78
  480.99,   354.90,   343.16
  474.31,   475.89,    94.78
  477.67,   477.74,   218.94
  480.40,   480.40,   342.35
  600.55,   227.31,    94.44
  603.02,   228.49,   219.36
  605.35,   229.96,   342.47
  600.54,   351.97,    92.70
  603.03,   353.63,   217.86
  606.05,   355.66,   341.76
  600.83,   477.30,    91.22
  603.27,   479.08,   216.44
  606.06,   480.98,   341.02
  347.86,   224.41,   225.54
  346.28,   226.55,   350.41
  344.60,   229.47,   475.78
  349.67,   349.45,   223.79
  347.79,   351.97,   347.28
  345.58,   354.87,   471.88
  351.00,   474.31,   221.37
  348.99,   477.42,   344.69
  346.94,   479.88,   468.78
  473.07,   223.13,   226.89
  471.42,   224.54,   351.62
  468.92,   227.14,   476.43
  474.62,   348.18,   225.28
  472.84,   350.69,   349.09
  470.46,   353.48,   473.33
  476.20,   472.86,   223.29
  474.45,   476.38,   347.11
  472.27,   479.21,   471.00
  597.52,   221.65,   230.50
  595.59,   223.84,   353.39
  593.94,   227.38,   478.24
  599.48,   346.86,   228.02
  598.13,   349.87,   351.35
  595.94,   352.49,   475.83
  601.47,   472.27,   225.45
  600.16,   474.94,   349.55
  597.98,   477.70,   474.20
  350.51,   225.64,   349.32
  347.61,   225.27,   474.99
  344.54,   225.81,   600.33
  350.12,   351.38,   349.55
  347.34,   350.75,   474.15
  344.19,   349.78,   600.19
  349.74,   476.67,   350.05
  346.70,   475.75,   474.44
  343.60,   474.17,   600.64
  475.41,   225.57,   350.96
  472.25,   225.00,   475.91
  469.49,   225.88,   602.48
  475.23,   351.63,   351.97
  472.25,   350.94,   476.53
  468.69,   350.26,   602.13
  475.17,   477.23,   353.31
  472.27,   476.62,   477.54
  468.93,   474.82,   602.77
  599.78,   226.62,   353.82
  597.24,   226.36,   478.21
  595.63,   226.23,   605.24
  600.50,   352.28,   355.30
  597.83,   351.66,   479.55
  595.01,   350.34,   605.06
  600.65,   477.81,   356.54
  597.74,   476.82,   481.12
  594.61,   475.07,   606.18
  349.68,   226.93,   475.13
  347.86,   225.11,   600.75
  346.37,   223.20,   726.33
  349.53,   351.98,   476.73
  347.67,   349.13,   602.34
  346.03,   346.40,   728.68
  349.67,   476.94,   478.69
  347.58,   473.75,   604.84
  346.13,   470.29,   731.16
  474.25,   225.92,   475.10
  472.86,   225.00,   601.48
  472.01,   224.32,   727.77
  474.81,   351.93,   477.64
  472.41,   349.35,   603.45
  471.45,   346.49,   729.32
  475.08,   477.43,   480.45
  473.07,   473.98,   605.73
  471.24,   470.06,   731.66
  599.48,   227.30,   476.34
  599.02,   225.16,   603.15
  599.16,   223.01,   730.13
  600.17,   352.40,   479.37
  598.57,   349.11,   604.91
  597.44,   345.92,   731.38
  600.70,   477.50,   483.08
  598.50,   473.90,   607.78
  596.62,   470.33,   733.22
  350.45,   226.95,   601.87
  351.27,   227.21,   727.47
  352.56,   225.92,   852.48
  347.64,   350.73,   601.57
  348.72,   349.98,   727.71
  351.08,   349.02,   852.05
  345.20,   475.38,   601.91
  346.25,   473.97,   728.29
  348.65,   473.13,   852.75
  475.03,   228.92,   599.95
  476.96,   230.33,   726.38
  479.51,   229.66,   851.42
  472.32,   353.67,   599.76
  473.94,   352.65,   725.91
  476.48,   351.19,   850.71
  470.36,   478.52,   600.28
  471.09,   476.36,   726.36
  473.44,   474.42,   851.41
  601.55,   232.00,   598.54
  604.14,   231.63,   725.97
  605.72,   230.92,   850.88
  598.43,   355.83,   598.76
  599.77,   354.51,   724.96
  601.22,   353.40,   850.03
  596.18,   480.69,   599.40
  596.86,   479.36,   724.84
  597.95,   477.72,   849.86
  351.38,   350.75,   102.28
  351.73,   351.86,   226.19
  351.81,   352.19,   349.70
  354.17,   475.32,   101.74
  354.71,   476.62,   226.04
  354.77,   477.55,   349.07
  356.76,   600.79,   100.81
  357.56,   601.28,   225.64
  357.96,   602.13,   349.29
  475.72,   347.28,   101.75
  476.58,   348.63,   225.55
  476.74,   349.07,   349.47
  478.72,   472.10,   102.03
  479.90,   473.27,   226.00
  480.16,   474.55,   349.42
  481.58,   598.21,   100.79
  482.55,   598.28,   225.84
  482.97,   598.96,   349.85
  601.12,   344.40,   101.17
  601.32,   345.46,   226.24
  602.10,   346.44,   350.03
  605.38,   469.97,   100.62
  605.58,   470.68,   225.67
  606.01,   471.74,   350.33
  608.91,   596.05,    99.93
  608.29,   595.95,   225.42
  608.64,   596.27,   350.29
  350.27,   351.02,   224.60
  349.19,   352.49,   348.03
  348.39,   353.01,   473.02
  353.41,   475.99,   224.10
  352.38,   477.43,   347.13
  351.61,   478.28,   471.75
  356.37,   600.87,   223.10
  355.72,   602.02,   347.22
  354.94,   602.73,   471.86
  474.99,   347.76,   224.87
  474.55,   348.95,   348.92
  473.49,   350.07,   473.39
  478.62,   472.70,   225.09
  477.84,   474.30,   348.34
  477.10,   475.68,   472.51
  481.25,   597.62,   224.34
  480.76,   598.81,   348.42
  480.34,   599.85,   473.04
  599.90,   344.82,   226.57
  599.73,   346.05,   350.31
  598.61,   346.86,   474.48
  604.11,   470.07,   225.59
  603.76,   471.41,   350.11
  602.76,   471.91,   474.36
  607.41,   595.07,   224.85
  606.32,   595.79,   349.53
  605.88,   596.96,   474.46
  350.94,   348.57,   347.49
  347.23,   346.21,   472.40
  343.38,   343.50,   598.18
  347.13,   474.06,   349.80
  343.46,   471.26,   474.35
  339.85,   467.95,   600.27
  343.61,   598.55,   353.02
  340.08,   595.62,   477.85
  336.06,   593.13,   603.94
  476.08,   352.26,   350.85
  471.99,   349.74,   475.33
  467.88,   347.19,   601.28
  472.60,   477.48,   354.05
  468.80,   475.24,   478.01
  464.57,   471.86,   603.41
  468.74,   601.72,   357.05
  465.36,   599.40,   481.88
  461.95,   596.79,   607.65
  601.28,   356.00,   354.82
  597.66,   353.36,   479.09
  593.92,   350.26,   605.12
  597.96,   481.42,   358.41
  594.59,   478.45,   482.68
  590.21,   475.30,   607.64
  593.94,   605.62,   360.96
  590.65,   603.41,   485.93
  587.64,   600.68,   611.40
  351.35,   352.12,   471.77
  351.47,   349.60,   597.62
  351.65,   347.02,   723.90
  348.36,   477.40,   473.78
  348.24,   474.06,   599.73
  348.19,   470.88,   726.06
  345.21,   601.76,   477.26
  345.45,   599.35,   603.37
  344.88,   597.00,   729.68
  476.54,   355.37,   471.09
  476.02,   353.04,   596.65
  476.76,   350.36,   722.87
  473.75,   481.05,   473.57
  473.31,   477.79,   598.89
  473.31,   474.01,   724.90
  470.61,   605.30,   477.50
  470.91,   602.77,   603.07
  470.67,   600.45,   729.54
  601.78,   358.89,   471.00
  602.20,   356.09,   596.90
  602.91,   352.80,   723.08
  599.38,   483.71,   474.36
  599.13,   480.82,   599.26
  599.13,   477.42,   724.68
  595.94,   608.41,   477.60
  596.64,   606.43,   602.98
  597.49,   604.03,   728.77
  347.80,   352.17,   599.53
  344.97,   349.37,   725.76
  343.33,   346.72,   850.41
  349.23,   476.53,   601.66
  346.00,   473.40,   728.08
  344.75,   470.68,   852.56
  350.60,   601.89,   605.51
  347.40,   599.51,   731.36
  344.60,   596.78,   855.82
  472.57,   350.68,   601.77
  470.18,   348.11,   727.82
  468.67,   345.20,   852.74
  474.25,   475.34,   604.16
  471.35,   471.81,   730.04
  469.70,   468.34,   855.11
  476.25,   600.94,   608.04
  472.99,   598.07,   734.10
  469.58,   595.32,   858.84
  598.38,   349.22,   604.61
  596.27,   346.43,   731.12
  593.38,   343.68,   855.57
  600.07,   474.04,   607.17
  596.91,   470.59,   732.68
  594.27,   467.47,   857.71
  601.92,   599.50,   610.76
  599.62,   596.99,   736.46
  596.40,   594.29,   860.83
  350.65,   474.29,   101.06
  350.29,   471.47,   224.95
  349.04,   468.69,   348.22
  351.75,   599.83,   104.05
  351.32,   596.49,   228.39
  350.44,   593.15,   352.25
  352.98,   725.51,   106.99
  353.24,   721.17,   232.24
  352.44,   716.86,   357.15
  475.43,   472.17,   102.06
  475.40,   469.74,   226.09
  474.36,   467.09,   349.68
  476.85,   598.50,   104.98
  476.21,   594.42,   229.86
  475.71,   591.42,   353.83
  478.77,   724.66,   107.86
  477.29,   719.07,   233.22
  476.61,   714.99,   357.88
  601.70,   471.81,   101.89
  600.93,   469.00,   227.13
  600.08,   465.79,   351.42
  603.90,   597.87,   105.34
  602.18,   593.93,   230.97
  601.01,   590.28,   355.36
  604.76,   723.77,   108.87
  602.29,   718.35,   234.43
  601.14,   714.22,   358.40
  350.36,   473.11,   226.59
  347.69,   474.98,   350.03
  345.08,   476.34,   474.43
  348.86,   598.23,   225.25
  347.02,   599.57,   349.43
  344.35,   601.19,   473.88
  348.35,   723.03,   224.08
  346.53,   723.51,   349.13
  344.09,   725.76,   474.45
  475.47,   473.96,   229.20
  473.27,   476.09,   352.62
  470.90,   477.78,   476.85
  474.09,   598.65,   228.35
  472.04,   600.25,   351.99
  470.06,   601.94,   476.80
  472.53,   723.60,   226.63
  470.13,   723.62,   351.17
  468.88,   725.63,   476.73
  601.15,   475.39,   231.43
  599.00,   477.31,   355.74
  596.45,   478.44,   480.30
  599.80,   600.57,   230.22
  597.38,   601.76,   355.04
  595.16,   603.28,   479.81
  597.58,   725.27,   229.20
  594.57,   725.87,   353.03
  593.22,   727.37,   478.24
  351.23,   475.46,   348.30
  347.30,   475.24,   472.86
  342.95,   474.44,   598.83
  352.09,   600.34,   349.17
  348.17,   599.94,   474.16
  344.03,   599.90,   600.17
  353.02,   724.23,   350.94
  349.59,   724.45,   476.12
  344.99,   725.82,   602.26
  476.55,   474.90,   352.39
  472.85,   475.23,   476.59
  468.12,   474.16,   601.92
  476.98,   599.18,   353.59
  473.64,   599.44,   477.98
  469.73,   599.57,   603.76
  476.83,   722.68,   354.35
  474.14,   723.11,   479.77
  471.48,   725.13,   606.58
  602.21,   474.52,   357.19
  598.27,   474.05,   481.57
  593.99,   473.39,   606.61
  602.28,   599.14,   357.74
  598.68,   598.95,   482.33
  595.28,   598.98,   607.91
  601.29,   723.13,   357.43
  598.75,   723.31,   482.64
  597.58,   724.80,   608.96
  348.21,   476.11,   471.61
  348.09,   473.75,   597.37
  347.82,   471.40,   723.62
  351.98,   600.79,   474.18
  351.78,   599.06,   600.28
  351.12,   597.31,   726.31
  356.18,   725.21,   477.50
  355.55,   724.91,   604.17
  353.94,   725.12,   730.08
  473.90,   473.22,   471.77
  473.36,   470.56,   597.01
  472.78,   467.71,   722.96
  477.31,   597.41,   474.32
  477.68,   595.99,   600.29
  476.90,   594.19,   726.45
  480.64,   720.99,   477.41
  481.87,   721.37,   603.86
  481.99,   722.70,   730.72
  599.34,   469.22,   472.46
  599.16,   467.14,   597.56
  598.51,   464.59,   722.96
  602.86,   594.09,   474.59
  602.93,   592.73,   600.15
  603.48,   590.98,   725.89
  605.40,   718.42,   476.28
  607.83,   718.18,   602.40
  610.16,   718.43,   729.65
  347.07,   473.69,   600.04
  348.19,   476.41,   726.27
  350.68,   479.09,   851.23
  349.87,   598.86,   597.92
  350.37,   602.40,   724.10
  351.48,   605.70,   848.60
  352.64,   724.86,   596.62
  351.98,   730.18,   722.77
  352.07,   733.54,   846.53
  472.37,   471.98,   598.48
  473.28,   473.58,   724.57
  475.56,   475.67,   849.67
  475.65,   597.08,   596.70
  476.22,   600.12,   722.81
  476.82,   603.25,   847.99
  478.64,   722.28,   595.60
  479.93,   728.69,   722.71
  479.52,   733.75,   846.69
  598.03,   469.23,   598.06
  598.89,   471.56,   723.13
  599.99,   474.07,   848.11
  600.93,   594.96,   595.56
  602.69,   598.12,   721.46
  603.56,   601.44,   846.22
  604.49,   720.48,   593.13
  608.40,   725.38,   720.18
  608.64,   729.93,   844.48
  349.99,   600.98,    99.00
  349.20,   599.51,   223.83
  347.65,   598.24,   347.83
  352.28,   726.66,   100.04
  351.40,   724.37,   225.71
  350.25,   722.01,   350.34
  354.56,   851.48,   102.12
  352.80,   848.27,   227.55
  352.29,   846.16,   352.58
  475.17,   598.92,   101.11
  474.14,   597.15,   226.21
  472.80,   596.06,   349.88
  477.86,   725.33,   101.80
  475.73,   721.74,   227.35
  474.06,   719.50,   352.13
  479.77,   849.60,   103.44
  477.29,   846.19,   228.78
  476.08,   843.25,   353.47
  602.13,   597.70,   102.53
  600.16,   595.81,   227.85
  597.93,   594.38,   352.19
  603.81,   723.86,   103.86
  600.91,   720.45,   229.28
  598.47,   718.41,   353.58
  604.94,   848.21,   105.20
  602.09,   844.90,   230.05
  600.08,   842.72,   354.40
  348.13,   599.45,   223.50
  346.54,   596.56,   347.35
  344.89,   593.45,   472.05
  345.97,   724.24,   227.03
  344.49,   720.43,   351.82
  343.35,   718.29,   477.05
  342.76,   848.46,   230.43
  342.44,   844.63,   355.91
  341.52,   842.96,   480.91
  472.66,   601.34,   225.71
  471.43,   598.69,   349.83
  470.34,   596.02,   474.42
  470.23,   726.33,   228.60
  468.55,   722.17,   353.05
  467.77,   719.54,   478.72
  467.13,   850.40,   231.91
  466.39,   845.88,   356.43
  466.02,   843.68,   481.80
  598.55,   604.57,   227.34
  596.91,   601.45,   351.90
  595.76,   598.50,   476.49
  594.88,   729.28,   230.40
  592.77,   725.48,   354.62
  592.20,   722.91,   479.47
  591.78,   853.54,   233.11
  590.17,   849.67,   357.36
  590.16,   847.23,   481.97
  351.45,   598.58,   350.59
  350.28,   596.97,   475.13
  348.88,   595.00,   601.24
  349.94,   722.73,   353.78
  349.05,   721.66,   478.86
  347.15,   721.11,   605.30
  348.08,   846.84,   356.33
  347.62,   846.40,   481.65
  345.47,   846.51,   607.44
  476.73,   600.78,   352.03
  475.56,   599.21,   476.79
  474.33,   597.52,   602.66
  473.71,   724.03,   354.37
  473.62,   722.57,   480.03
  473.45,   722.81,   606.90
  471.63,   847.84,   356.57
  471.72,   846.77,   481.76
  471.87,   848.26,   608.34
  601.69,   603.10,   353.63
  600.91,   601.35,   478.58
  600.05,   599.74,   603.83
  597.98,   727.27,   355.09
  598.04,   725.80,   480.23
  599.57,   725.37,   606.60
  595.69,   851.37,   356.52
  596.41,   850.32,   481.65
  597.97,   850.41,   607.71
  349.14,   599.86,   471.97
  345.54,   602.70,   597.98
  341.26,   605.30,   724.21
  349.75,   724.42,   471.36
  345.74,   728.66,   597.27
  340.03,   732.91,   723.13
  349.99,   848.73,   469.31
  345.80,   853.80,   595.03
  340.50,   858.41,   720.73
  474.54,   600.36,   476.04
  471.29,   603.33,   601.86
  467.04,   605.99,   728.15
  474.36,   723.74,   474.59
  471.84,   728.82,   601.44
  468.03,   734.88,   727.92
  474.35,   847.87,   471.45
  472.00,   853.69,   598.12
  467.98,   860.64,   724.77
  599.83,   600.88,   480.08
  596.64,   603.91,   605.22
  593.66,   606.61,   731.08
  598.77,   725.42,   477.09
  597.91,   729.70,   603.57
  596.56,   734.16,   730.50
  598.75,   850.11,   473.82
  598.20,   854.61,   599.95
  596.48,   859.70,   726.75
  348.32,   601.85,   601.38
  343.70,   603.90,   727.68
  340.07,   606.17,   851.98
  348.83,   727.71,   601.26
  342.76,   731.38,   727.21
  337.86,   733.80,   851.01
  349.20,   852.76,   599.20
  343.32,   857.37,   725.03
  339.85,   859.29,   849.26
  474.36,   602.36,   605.52
  469.73,   604.30,   731.74
  464.97,   606.22,   856.07
  475.03,   727.58,   605.69
  470.80,   733.20,   732.45
  464.58,   736.61,   855.77
  475.20,   852.85,   602.88
  470.94,   859.24,   729.59
  466.52,   862.78,   854.06
  599.88,   602.42,   609.32
  596.08,   604.69,   735.23
  591.82,   606.69,   859.47
  601.25,   728.34,   608.09
  599.63,   732.67,   735.08
  593.77,   735.64,   859.31
  601.41,   853.49,   605.03
  599.62,   857.96,   732.30
  594.30,   861.63,   856.98
  475.92,    99.59,    98.68
  477.65,    98.19,   223.04
  479.46,    96.92,   348.54
  473.75,   224.31,    99.52
  475.65,   223.47,   223.58
  476.83,   221.61,   347.93
  471.59,   348.26,   101.10
  473.44,   348.10,   225.07
  474.63,   347.89,   348.91
  601.21,   102.18,    97.64
  602.15,   101.02,   222.54
  603.67,    99.51,   347.09
  598.90,   226.44,    99.08
  600.06,   225.33,   224.11
  601.12,   224.53,   347.02
  596.81,   350.86,    99.60
  598.33,   350.84,   224.57
  599.82,   350.35,   348.12
  726.08,   102.99,    95.52
  726.65,   103.00,   221.50
  728.08,   103.46,   346.34
  724.28,   227.30,    97.89
  723.70,   227.30,   224.67
  725.33,   228.57,   347.22
  723.56,   353.51,    98.19
  723.50,   353.63,   224.24
  724.56,   353.03,   348.29
  473.99,    97.83,   222.39
  477.20,    93.49,   347.66
  479.42,    90.32,   472.05
  473.07,   223.07,   226.06
  475.33,   218.22,   350.32
  476.80,   214.76,   475.11
  471.61,   347.92,   230.13
  473.91,   344.32,   354.06
  475.56,   340.95,   478.49
  598.80,    99.86,   220.34
  601.52,    95.81,   344.91
  604.40,    92.22,   470.29
  597.16,   224.60,   224.91
  599.73,   220.61,   348.10
  602.33,   217.79,   472.53
  596.11,   349.80,   228.90
  598.89,   346.41,   352.44
  601.16,   343.07,   476.45
  723.14,   101.45,   218.69
  726.00,    98.66,   343.47
  729.83,    95.14,   468.88
  720.89,   225.74,   224.55
  723.66,   224.14,   347.45
  728.15,   222.09,   471.28
  721.34,   351.93,   227.10
  723.74,   348.52,   351.50
  726.85,   345.06,   475.62
  477.03,    98.66,   349.10
  473.77,    97.92,   473.83
  470.38,    98.07,   599.22
  477.29,   223.81,   349.71
  473.68,   222.29,   474.77
  470.44,   223.07,   600.99
  478.31,   350.01,   351.20
  474.89,   348.64,   475.75
  470.86,   347.39,   601.24
  601.13,    98.22,   352.06
  598.48,    97.21,   477.20
  596.16,    97.25,   603.06
  601.85,   223.68,   352.85
  599.04,   223.17,   477.52
  596.71,   222.66,   604.17
  603.84,   349.29,   354.87
  600.45,   348.33,   479.29
  597.07,   346.41,   604.84
  725.68,    99.13,   356.25
  724.44,    97.84,   481.31
  722.50,    97.35,   606.91
  726.02,   224.67,   357.42
  725.04,   224.66,   481.75
  723.71,   222.53,   608.21
  728.26,   348.83,   359.34
  726.12,   347.41,   483.87
  723.37,   345.10,   609.35
  473.48,   100.89,   472.43
  472.33,    99.05,   597.81
  471.49,    96.37,   723.38
  475.86,   225.49,   475.59
  474.74,   223.81,   601.55
  474.36,   222.28,   728.02
  479.12,   351.57,   478.65
  477.47,   348.39,   604.41
  476.52,   344.49,   730.60
  598.49,    98.43,   473.59
  598.20,    96.10,   599.40
  597.68,    94.25,   725.29
  601.04,   223.87,   476.08
  601.06,   221.12,   602.71
  601.45,   218.16,   730.01
  604.34,   348.98,   480.03
  603.53,   345.12,   605.60
  602.42,   340.93,   732.00
  724.07,    96.37,   475.39
  724.39,    93.75,   601.26
  723.47,    90.75,   726.50
  726.86,   223.42,   478.02
  727.85,   219.16,   604.38
  728.07,   213.18,   731.25
  730.35,   346.26,   482.48
  729.47,   341.81,   607.86
  727.65,   336.97,   733.65
  474.42,   100.82,   600.39
  471.94,    98.50,   726.40
  469.74,    94.36,   853.00
  472.21,   225.48,   604.43
  470.29,   224.32,   730.67
  468.70,   221.00,   855.44
  470.84,   349.81,   606.79
  468.33,   346.34,   732.72
  467.19,   342.47,   857.22
  600.27,   102.34,   603.95
  598.55,   100.55,   729.98
  596.76,    95.94,   856.08
  598.99,   227.24,   607.26
  597.60,   224.29,   734.26
  595.24,   220.91,   858.95
  596.90,   351.22,   609.79
  594.52,   347.36,   735.87
  591.63,   343.80,   860.60
  726.56,   104.07,   607.51
  724.54,   100.97,   733.00
  722.42,    95.91,   857.86
  725.77,   229.27,   610.29
  724.01,   223.15,   737.56
  720.80,   219.50,   861.86
  722.88,   352.02,   613.62
  719.33,   347.30,   739.58
  715.48,   345.20,   864.27
  475.77,   226.57,    98.21
  474.55,   225.14,   222.35
  472.30,   222.19,   346.72
  477.63,   350.56,   100.81
  476.52,   349.66,   224.66
  474.52,   348.36,   348.56
  479.42,   475.04,   102.94
  478.23,   474.32,   227.34
  476.55,   473.92,   350.45
  600.88,   224.30,   101.47
  598.64,   222.71,   225.99
  596.57,   220.93,   348.91
  603.39,   348.81,   102.77
  601.19,   348.00,   227.89
  599.49,   346.68,   351.19
  606.10,   474.48,   103.97
  604.13,   473.33,   229.06
  601.97,   472.20,   353.64
  726.19,   220.76,   103.36
  722.51,   220.27,   229.67
  721.00,   220.71,   352.53
  729.73,   347.44,   104.67
  726.47,   346.61,   230.43
  724.28,   345.04,   354.70
  732.32,   473.18,   105.88
  729.57,   472.63,   231.01
  727.24,   469.73,   356.39
  476.86,   225.21,   224.43
  475.38,   227.72,   348.73
  473.25,   231.17,   473.71
  476.32,   349.94,   221.54
  475.14,   353.95,   345.04
  473.22,   357.56,   469.84
  475.89,   474.40,   218.87
  474.80,   479.13,   341.97
  473.21,   482.94,   466.19
  600.99,   225.44,   227.48
  599.74,   228.67,   350.23
  598.46,   233.23,   475.07
  601.25,   350.61,   223.81
  600.23,   354.73,   347.25
  598.66,   358.34,   471.40
  601.66,   475.66,   220.10
  600.59,   479.70,   344.39
  598.72,   483.41,   468.75
  724.96,   225.33,   230.31
  724.05,   231.00,   353.05
  724.50,   236.23,   477.18
  726.52,   351.67,   226.01
  725.10,   355.28,   350.17
  724.57,   358.71,   474.66
  727.71,   477.59,   220.91
  725.63,   480.16,   346.57
  723.94,   482.66,   471.60
  475.57,   222.74,   348.45
  478.16,   224.56,   473.24
  481.33,   227.45,   599.67
  473.49,   348.81,   347.12
  476.38,   350.69,   471.41
  479.03,   352.19,   597.03
  471.77,   474.50,   345.89
  474.67,   476.08,   470.32
  477.20,   477.15,   595.39
  600.08,   225.57,   345.16
  603.52,   228.02,   469.81
  607.48,   230.30,   596.61
  598.90,   351.53,   344.31
  602.01,   352.88,   468.48
  604.84,   354.27,   594.28
  597.32,   476.61,   343.53
  600.29,   478.11,   467.87
  602.79,   478.82,   592.83
  724.08,   229.47,   343.57
  729.06,   232.63,   467.49
  734.32,   233.12,   593.68
  723.49,   353.95,   342.48
  727.37,   355.43,   467.04
  731.18,   355.92,   592.28
  722.21,   478.72,   341.06
  725.25,   479.11,   466.15
  728.12,   480.14,   591.11
  472.93,   225.45,   475.02
  472.02,   226.28,   601.34
  471.91,   227.42,   727.71
  476.03,   351.33,   475.02
  474.57,   351.00,   600.84
  474.04,   349.78,   727.35
  479.31,   477.21,   476.00
  477.84,   475.54,   601.50
  476.44,   473.26,   727.31
  597.97,   223.82,   475.49
  598.37,   223.82,   602.15
  598.97,   223.62,   729.32
  601.47,   348.79,   476.33
  600.86,   347.95,   602.24
  600.11,   346.64,   728.41
  605.00,   473.96,   477.92
  603.68,   472.57,   602.79
  602.23,   470.99,   728.37
  724.06,   223.34,   477.18
  725.38,   221.83,   603.20
  725.67,   218.39,   730.42
  727.14,   346.45,   478.56
  726.85,   344.41,   604.25
  725.14,   342.52,   729.93
  729.83,   470.07,   480.24
  729.02,   468.89,   605.31
  727.07,   468.75,   729.90
  475.83,   227.60,   599.54
  479.34,   227.49,   725.63
  483.14,   225.48,   850.77
  476.21,   352.18,   600.45
  479.33,   349.92,   726.66
  483.01,   347.34,   851.26
  477.52,   476.91,   602.18
  479.51,   473.49,   728.13
  483.29,   470.21,   853.03
  602.31,   227.25,   596.95
  606.42,   225.78,   724.09
  609.50,   223.44,   848.87
  602.48,   351.30,   598.11
  605.09,   348.64,   724.33
  607.60,   346.58,   849.14
  602.90,   476.18,   600.24
  605.25,   473.28,   725.54
  607.57,   470.61,   850.45
  729.18,   227.65,   594.47
  732.91,   222.95,   721.64
  735.07,   219.68,   846.93
  728.47,   350.35,   596.96
  730.51,   347.25,   722.72
  731.43,   345.62,   847.47
  728.25,   474.82,   599.17
  729.96,   473.20,   723.80
  731.71,   471.97,   848.24
  473.12,   349.97,   101.56
  477.52,   353.63,   225.00
  481.38,   357.06,   348.96
  475.81,   474.63,    98.73
  480.39,   478.42,   222.90
  484.16,   482.03,   346.32
  478.07,   600.48,    95.22
  482.29,   603.32,   220.40
  486.32,   606.14,   344.14
  598.73,   347.49,    97.70
  602.26,   351.14,   222.71
  606.41,   354.42,   346.13
  602.36,   472.77,    94.33
  605.69,   476.43,   219.26
  609.74,   479.81,   343.88
  605.14,   599.44,    91.12
  608.39,   601.51,   216.64
  611.29,   604.29,   341.26
  725.26,   345.49,    93.81
  727.73,   348.78,   219.64
  731.07,   352.32,   343.92
  728.45,   470.64,    90.63
  731.48,   475.09,   215.32
  734.59,   476.95,   340.98
  730.63,   596.40,    87.59
  733.63,   599.75,   212.27
  736.21,   602.23,   336.99
  475.56,   349.05,   225.43
  472.23,   346.34,   349.15
  468.72,   343.86,   473.78
  472.45,   473.69,   229.09
  469.51,   471.82,   352.30
  466.26,   469.44,   476.28
  468.99,   598.55,   231.90
  466.37,   596.17,   355.88
  463.32,   593.54,   480.19
  600.40,   352.14,   229.44
  597.55,   349.63,   352.93
  594.26,   347.06,   477.34
  598.28,   477.11,   232.28
  595.41,   474.94,   356.45
  591.77,   471.97,   480.60
  595.05,   602.28,   234.96
  591.64,   599.33,   359.63
  588.73,   596.87,   484.28
  725.54,   355.40,   233.32
  722.25,   352.69,   357.39
  719.85,   349.84,   481.86
  723.67,   481.16,   234.99
  719.98,   477.31,   360.17
  716.66,   473.93,   485.55
  720.07,   606.19,   237.71
  716.32,   602.67,   362.47
  713.23,   599.54,   487.85
  473.48,   350.35,   349.01
  476.43,   347.00,   473.42
  479.08,   343.99,   599.20
  472.92,   475.69,   352.60
  476.00,   472.76,   477.12
  478.54,   468.67,   602.04
  471.62,   600.16,   356.92
  475.00,   597.20,   481.56
  478.34,   593.76,   607.17
  598.97,   351.60,   346.52
  601.91,   348.43,   470.53
  604.98,   344.73,   596.07
  598.60,   476.99,   350.37
  601.45,   473.68,   474.86
  604.21,   469.46,   599.83
  596.81,   601.44,   354.00
  600.24,   598.18,   478.94
  603.66,   595.03,   604.24
  723.35,   353.29,   344.62
  727.35,   349.74,   468.75
  731.55,   345.65,   594.46
  723.25,   477.56,   347.93
  726.28,   473.61,   473.06
  729.48,   469.64,   597.95
  721.82,   603.36,   350.66
  724.76,   599.37,   475.70
  728.96,   596.12,   600.93
  475.14,   350.36,   474.56
  474.16,   352.72,   600.39
  473.50,   354.61,   726.55
  472.21,   475.89,   472.34
  470.96,   477.65,   597.77
  469.51,   478.24,   723.91
  468.70,   600.20,   471.12
  467.78,   602.59,   597.21
  466.63,   604.71,   723.51
  600.90,   354.15,   475.38
  600.08,   356.11,   601.39
  599.32,   357.59,   727.46
  597.80,   479.25,   473.86
  596.40,   481.16,   598.84
  595.29,   482.15,   724.44
  593.71,   604.02,   472.37
  593.48,   606.32,   597.77
  593.40,   609.08,   723.67
  726.38,   357.79,   477.80
  726.13,   359.02,   603.14
  724.66,   360.59,   728.84
  722.61,   481.71,   476.12
  721.66,   483.62,   601.13
  720.38,   486.34,   725.80
  718.33,   607.66,   473.10
  718.80,   610.20,   598.42
  719.48,   612.62,   723.52
  474.29,   349.64,   598.51
  473.37,   349.64,   724.45
  474.05,   349.25,   849.46
  471.44,   474.40,   597.96
  470.14,   473.16,   724.04
  470.12,   472.15,   849.16
  468.85,   599.68,   599.12
  467.37,   599.59,   725.50
  465.56,   599.57,   850.49
  600.28,   352.73,   599.63
  599.30,   352.27,   725.63
  598.61,   352.20,   850.83
  597.16,   477.38,   599.60
  595.62,   476.80,   725.00
  595.05,   476.42,   849.88
  594.31,   603.00,   600.47
  593.88,   603.43,   726.19
  592.50,   603.38,   850.98
  726.34,   355.54,   601.82
  724.56,   354.55,   727.35
  722.33,   355.60,   852.27
  722.19,   480.14,   601.64
  720.69,   480.42,   726.38
  719.03,   481.36,   850.87
  719.48,   606.35,   601.11
  719.87,   606.78,   725.97
  719.62,   607.33,   850.76
  473.49,   475.30,   101.06
  470.83,   477.00,   224.92
  467.35,   478.60,   348.59
  469.98,   601.37,    99.55
  466.81,   601.95,   224.44
  463.52,   602.87,   348.42
  466.65,   727.73,    98.23
  463.27,   726.59,   223.43
  459.53,   726.05,   348.29
  600.05,   479.88,   103.55
  596.29,   481.05,   228.53
  593.05,   482.45,   352.85
  596.65,   606.16,   102.70
  592.81,   606.07,   228.26
  588.88,   606.89,   352.65
  592.92,   732.37,   101.62
  588.01,   730.89,   227.28
  583.79,   730.79,   351.40
  726.12,   484.56,   106.72
  721.99,   485.77,   232.12
  718.13,   485.33,   357.34
  722.53,   609.69,   106.22
  718.00,   610.57,   231.11
  713.46,   610.69,   355.84
  717.25,   734.54,   106.12
  712.54,   734.42,   230.66
  708.45,   736.43,   354.19
  474.82,   474.18,   225.56
  476.90,   475.69,   349.33
  478.50,   476.48,   473.61
  475.18,   599.34,   225.65
  477.40,   599.80,   349.32
  479.63,   600.76,   473.99
  475.47,   724.19,   224.74
  477.29,   723.35,   349.20
  479.91,   724.22,   474.90
  600.68,   474.25,   224.02
  602.47,   474.93,   348.43
  604.37,   475.30,   472.82
  601.11,   599.12,   223.62
  602.91,   599.85,   348.00
  604.89,   600.25,   472.88
  600.53,   724.05,   223.03
  601.71,   723.91,   347.27
  604.36,   724.51,   472.11
  726.42,   474.58,   221.67
  727.62,   474.02,   347.13
  729.30,   473.45,   472.62
  726.49,   599.38,   221.05
  727.55,   599.38,   346.08
  729.33,   599.48,   471.30
  725.45,   723.18,   221.16
  726.85,   725.15,   344.50
  729.34,   726.53,   469.18
  475.77,   477.15,   348.96
  475.31,   474.15,   473.06
  473.99,   470.21,   598.37
  478.93,   601.17,   353.07
  479.03,   598.18,   477.60
  478.30,   595.28,   603.29
  481.77,   724.40,   356.57
  482.40,   721.98,   482.45
  482.87,   720.64,   609.01
  601.64,   473.58,   350.33
  600.79,   470.11,   474.59
  599.68,   466.36,   599.49
  604.68,   598.36,   353.71
  604.44,   594.98,   478.56
  603.94,   591.82,   603.82
  606.28,   722.30,   356.79
  606.85,   719.49,   481.55
  609.04,   717.70,   607.99
  726.54,   469.50,   350.99
  725.64,   465.39,   476.50
  725.03,   461.70,   601.36
  729.30,   595.05,   353.85
  728.96,   591.25,   479.02
  728.99,   587.70,   604.28
  731.30,   720.55,   356.02
  731.96,   718.55,   480.53
  734.35,   715.11,   606.53
  476.70,   476.45,   474.51
  477.11,   472.23,   599.79
  477.77,   467.92,   725.91
  475.16,   600.84,   478.80
  476.04,   597.47,   604.70
  476.50,   593.98,   730.77
  473.67,   724.31,   483.40
  475.35,   723.04,   610.49
  476.16,   722.97,   737.10
  602.23,   477.96,   474.41
  602.92,   474.15,   599.34
  603.40,   469.91,   724.81
  600.33,   602.49,   478.48
  601.76,   599.73,   603.70
  603.28,   596.35,   729.31
  597.82,   726.74,   481.28
  601.56,   725.44,   607.81
  604.74,   723.94,   734.82
  727.30,   478.58,   474.72
  727.99,   474.94,   599.78
  728.29,   471.96,   724.52
  724.93,   604.47,   477.34
  726.91,   601.39,   602.77
  728.94,   598.31,   727.57
  722.95,   731.69,   478.77
  727.24,   728.46,   604.97
  731.69,   724.18,   731.48
  473.35,   474.12,   597.81
  471.37,   475.11,   723.84
  470.69,   475.95,   848.82
  472.37,   599.21,   597.35
  470.34,   601.53,   723.36
  467.72,   603.40,   848.56
  472.00,   724.47,   597.21
  470.08,   730.02,   724.16
  466.09,   733.62,   848.15
  599.08,   475.68,   600.17
  596.77,   476.59,   725.45
  595.14,   478.22,   850.50
  598.38,   601.06,   599.30
  597.03,   603.17,   724.99
  594.57,   605.42,   849.37
  597.98,   726.90,   597.81
  598.51,   730.75,   725.01
  595.79,   734.25,   849.16
  724.43,   476.30,   603.08
  721.87,   478.76,   727.95
  719.47,   481.73,   852.23
  723.41,   602.40,   600.66
  723.03,   605.04,   725.51
  721.91,   607.39,   850.39
  723.44,   729.71,   597.62
  725.37,   731.02,   724.16
  724.04,   732.58,   848.96
  472.86,   599.81,   100.33
  473.43,   602.86,   225.46
  473.96,   606.02,   349.25
  473.71,   726.47,    96.66
  473.49,   727.78,   222.33
  473.58,   729.51,   346.99
  474.02,   850.86,    93.75
  473.15,   852.00,   219.18
  473.83,   853.08,   343.87
  599.90,   600.92,   100.09
  599.34,   603.01,   225.62
  599.03,   606.03,   349.92
  599.85,   726.97,    96.82
  598.69,   727.66,   222.29
  597.95,   729.94,   346.60
  599.35,   851.21,    93.50
  598.26,   852.56,   218.91
  597.82,   854.45,   342.92
  725.64,   600.26,    99.87
  725.01,   603.55,   224.87
  724.25,   606.26,   349.65
  724.69,   725.18,    97.52
  723.69,   727.30,   221.99
  722.77,   731.56,   345.46
  723.63,   849.60,    94.28
  722.68,   851.73,   219.04
  723.22,   857.25,   342.84
  474.54,   598.99,   223.97
  473.61,   601.51,   348.01
  472.62,   604.19,   472.65
  473.70,   723.98,   221.16
  472.19,   725.18,   346.05
  471.56,   727.60,   471.34
  471.79,   848.06,   218.91
  471.37,   848.77,   343.57
  471.23,   851.72,   468.88
  600.66,   600.69,   225.23
  598.94,   603.07,   349.52
  598.01,   605.24,   474.42
  598.75,   725.22,   222.55
  596.50,   726.93,   346.77
  596.01,   729.67,   471.62
  596.59,   850.05,   219.70
  595.12,   851.39,   344.24
  595.41,   854.24,   469.06
  726.22,   602.18,   225.75
  724.18,   604.22,   350.41
  722.52,   606.25,   475.82
  723.21,   725.94,   223.58
  721.48,   729.59,   347.33
  720.95,   733.40,   471.75
  721.37,   850.77,   220.99
  720.40,   855.57,   345.08
  720.68,   858.83,   469.67
  475.77,   599.20,   351.02
  474.84,   601.35,   475.67
  473.27,   603.38,   601.31
  471.37,   722.54,   349.54
  471.07,   725.07,   475.06
  470.38,   728.78,   601.99
  467.85,   846.22,   347.73
  467.50,   849.05,   472.92
  466.88,   853.98,   599.50
  601.06,   603.42,   352.72
  600.01,   605.53,   477.51
  598.80,   607.22,   603.19
  595.67,   727.15,   350.66
  595.49,   729.40,   475.58
  596.23,   732.89,   601.81
  591.81,   851.70,   348.08
  591.71,   853.95,   473.05
  593.36,   858.00,   599.40
  726.09,   607.38,   353.84
  724.56,   609.07,   479.20
  723.92,   611.00,   604.51
  720.62,   733.03,   350.86
  720.26,   735.98,   475.59
  722.08,   738.29,   601.64
  716.66,   858.73,   349.28
  716.98,   861.65,   473.68
  718.69,   862.50,   599.37
  476.68,   600.35,   474.05
  480.25,   598.02,   599.77
  483.01,   595.65,   725.90
  480.16,   723.89,   477.62
  484.64,   723.40,   604.11
  488.32,   723.90,   730.68
  484.17,   847.88,   479.62
  488.65,   848.52,   606.09
  492.66,   850.62,   733.03
  601.65,   597.09,   470.99
  605.56,   594.80,   596.32
  609.41,   592.09,   721.48
  604.33,   721.50,   472.82
  610.53,   720.61,   599.17
  616.47,   719.42,   725.76
  608.10,   846.09,   474.42
  615.11,   845.55,   600.69
  621.03,   845.17,   727.71
  726.45,   593.27,   467.39
  730.42,   591.08,   592.63
  735.15,   588.78,   717.43
  729.16,   720.34,   468.02
  735.69,   718.18,   593.83
  742.54,   714.73,   720.22
  733.12,   846.79,   469.95
  739.81,   843.67,   595.64
  746.86,   838.96,   722.29
  474.72,   600.85,   602.35
  477.80,   598.38,   728.43
  480.31,   595.61,   853.08
  473.17,   726.42,   606.93
  476.42,   727.01,   733.45
  477.64,   726.01,   857.17
  470.98,   851.36,   608.83
  474.25,   853.74,   735.72
  476.42,   852.74,   859.88
  600.43,   603.65,   599.20
  604.19,   601.25,   724.88
  607.19,   598.84,   849.32
  599.09,   729.23,   602.28
  604.89,   729.00,   729.19
  606.76,   727.39,   853.27
  597.33,   854.18,   604.02
  602.78,   854.62,   730.96
  604.87,   853.50,   855.65
  725.33,   606.10,   595.55
  729.92,   604.10,   720.72
  733.63,   602.17,   845.11
  724.59,   733.42,   597.16
  731.51,   730.18,   723.57
  735.36,   726.68,   847.91
  722.44,   857.81,   599.02
  728.71,   854.10,   725.33
  732.18,   851.32,   850.98
  600.62,   101.78,    98.60
  602.32,   102.93,   223.79
  605.04,   103.90,   348.06
  600.60,   226.17,    98.15
  602.67,   227.35,   222.96
  604.84,   228.90,   346.25
  601.20,   350.80,    96.40
  603.20,   352.90,   221.53
  606.05,   354.85,   345.26
  725.89,   100.67,    95.79
  726.68,   102.94,   222.05
  729.29,   105.32,   346.61
  725.72,   224.57,    95.85
  726.39,   226.89,   222.58
  728.95,   230.79,   345.47
  727.67,   351.16,    93.91
  728.50,   353.39,   219.93
  730.66,   355.14,   344.18
  850.19,    99.95,    94.07
  851.91,   101.93,   219.78
  854.40,   105.85,   344.94
  850.43,   223.86,    92.65
  852.01,   226.14,   220.12
  854.90,   230.50,   344.23
  852.54,   350.93,    92.09
  854.29,   353.33,   216.84
  855.58,   354.69,   342.16
  597.58,    99.19,   223.23
  596.94,    97.49,   347.76
  596.66,    96.40,   472.76
  595.89,   223.63,   225.32
  595.08,   222.59,   348.10
  594.41,   222.14,   473.05
  594.55,   349.14,   226.50
  594.14,   348.19,   350.06
  593.13,   347.34,   474.27
  722.32,   101.15,   224.60
  721.36,   100.63,   349.37
  722.42,    99.60,   474.50
  719.77,   225.19,   227.77
  719.35,   226.27,   350.57
  720.03,   226.47,   474.82
  720.13,   351.52,   228.03
  719.11,   350.45,   352.25
  718.89,   349.51,   476.58
  847.05,   102.17,   225.72
  846.60,   103.41,   350.78
  846.71,   103.22,   475.87
  845.24,   226.20,   228.86
  844.91,   228.20,   352.73
  845.57,   227.97,   476.81
  845.38,   353.42,   228.09
  844.15,   352.04,   353.59
  843.85,   350.12,   478.91
  598.69,   100.73,   349.25
  595.35,   101.68,   474.01
  592.67,   103.59,   599.71
  597.99,   225.89,   347.80
  594.25,   227.19,   472.47
  591.49,   228.62,   598.85
  598.31,   351.90,   347.64
  594.27,   352.48,   471.84
  590.39,   352.79,   597.73
  723.19,   102.92,   353.47
  721.30,   103.68,   478.63
  718.79,   105.08,   604.38
  722.05,   228.34,   352.90
  720.29,   230.44,   477.10
  718.17,   230.06,   603.24
  722.88,   352.67,   352.68
  720.11,   353.41,   477.32
  716.37,   353.06,   602.79
  847.99,   104.86,   357.73
  845.32,   106.38,   482.89
  842.97,   106.29,   608.09
  847.78,   229.32,   357.81
  845.44,   230.85,   481.61
  842.75,   230.49,   606.55
  847.89,   353.23,   356.83
  844.90,   353.07,   481.93
  841.21,   352.62,   607.31
  599.20,    98.24,   476.49
  596.90,    98.04,   602.01
  594.36,    98.11,   727.93
  600.72,   224.02,   476.85
  598.39,   223.35,   603.48
  596.60,   222.42,   730.54
  603.23,   348.93,   478.85
  600.01,   347.18,   604.52
  596.99,   344.96,   730.88
  724.72,    97.39,   480.28
  723.05,    96.42,   605.87
  720.20,    95.59,   731.46
  726.58,   224.35,   480.99
  725.30,   222.01,   607.24
  723.42,   217.74,   734.46
  728.81,   347.21,   483.22
  726.24,   344.46,   608.78
  722.19,   341.89,   734.86
  849.09,    96.99,   483.75
  846.92,    95.22,   608.99
  844.29,    92.71,   733.49
  851.56,   222.16,   484.66
  849.37,   219.44,   609.62
  846.71,   214.79,   735.59
  853.61,   344.31,   487.15
  850.41,   341.37,   612.45
  846.31,   339.72,   737.78
  602.61,   100.67,   599.62
  601.29,    98.78,   725.59
  600.43,    93.94,   851.63
  598.71,   225.88,   603.03
  598.40,   222.74,   730.02
  596.96,   219.16,   854.92
  594.96,   349.51,   605.72
  593.31,   345.73,   731.90
  591.49,   341.79,   856.77
  728.57,   104.86,   602.29
  727.37,   101.22,   728.05
  726.38,    96.37,   852.98
  725.47,   229.91,   605.54
  724.54,   223.53,   732.55
  722.42,   219.58,   857.42
  720.80,   352.44,   608.93
  717.96,   347.81,   734.80
  714.88,   345.38,   859.31
  852.65,   108.70,   603.86
  851.38,   104.14,   728.94
  849.93,    98.60,   852.86
  849.62,   232.61,   606.77
  847.88,   226.24,   732.82
  845.87,   221.79,   857.97
  845.36,   354.70,   611.59
  841.97,   350.99,   736.74
  839.95,   349.54,   861.74
  600.01,   225.99,    99.86
  599.12,   224.74,   224.36
  598.36,   223.50,   347.72
  602.89,   350.55,   100.42
  602.19,   349.97,   225.71
  601.74,   349.42,   349.06
  606.01,   475.94,   101.32
  605.22,   475.51,   226.33
  604.54,   474.86,   351.02
  725.32,   222.41,   100.30
  722.78,   222.14,   227.02
  722.47,   223.22,   349.81
  729.19,   348.90,   101.10
  727.03,   348.32,   227.12
  726.55,   347.58,   351.15
  731.80,   474.69,   101.70
  730.64,   474.38,   226.74
  729.63,   472.30,   352.20
  849.58,   219.24,   100.43
  848.49,   219.32,   227.74
  848.40,   221.03,   351.79
  854.28,   346.53,   102.19
  852.66,   346.15,   227.01
  851.54,   345.30,   352.24
  855.55,   472.50,   103.41
  856.05,   473.16,   227.09
  854.23,   469.58,   352.06
  599.08,   225.16,   227.59
  596.23,   221.83,   350.47
  593.78,   219.52,   475.10
  602.15,   350.22,   230.61
  600.02,   347.58,   354.07
  596.94,   344.81,   478.33
  605.67,   475.78,   233.60
  602.95,   473.07,   358.17
  599.93,   469.78,   482.51
  722.80,   222.03,   232.05
  720.32,   221.22,   354.62
  719.51,   219.40,   478.83
  727.39,   348.34,   234.07
  724.61,   345.40,   358.37
  722.57,   342.56,   482.55
  731.27,   474.25,   236.02
  727.88,   469.90,   361.44
  724.80,   465.86,   486.57
  848.21,   218.82,   234.43
  845.99,   218.82,   358.68
  844.64,   216.95,   482.04
  852.95,   345.74,   236.04
  849.32,   342.47,   361.44
  847.58,   338.85,   486.45
  856.28,   472.36,   238.13
  852.73,   466.69,   363.36
  849.75,   461.87,   489.63
  597.49,   222.62,   349.07
  596.75,   225.32,   473.79
  596.31,   227.96,   600.25
  601.73,   348.54,   347.72
  600.23,   350.31,   472.08
  598.97,   352.10,   597.75
  605.11,   473.43,   346.65
  603.65,   475.58,   471.23
  602.02,   476.80,   596.27
  721.75,   221.44,   351.82
  722.35,   224.93,   475.82
  723.10,   225.74,   602.13
  726.36,   345.89,   350.50
  725.97,   347.87,   474.98
  725.03,   348.38,   600.55
  730.20,   470.56,   348.67
  728.49,   471.53,   473.74
  727.10,   472.99,   598.74
  847.56,   218.51,   354.06
  847.82,   221.66,   477.80
  847.24,   222.29,   602.91
  851.13,   342.55,   351.76
  850.95,   343.78,   476.90
  849.31,   344.43,   602.08
  854.61,   466.89,   348.66
  853.45,   467.34,   474.69
  851.83,   468.44,   600.77
  600.57,   226.14,   474.89
  600.58,   229.89,   601.62
  600.53,   232.89,   728.74
  603.81,   351.41,   472.24
  602.79,   353.68,   598.17
  601.61,   355.80,   724.41
  607.14,   476.24,   470.55
  605.14,   478.48,   595.38
  603.67,   480.40,   720.88
  726.71,   226.16,   476.90
  727.25,   227.86,   603.26
  727.06,   228.02,   730.33
  729.55,   349.12,   475.26
  728.79,   350.66,   600.49
  726.83,   352.52,   726.47
  731.84,   472.56,   472.96
  730.69,   474.93,   597.95
  728.42,   478.31,   722.77
  851.95,   223.12,   478.82
  851.24,   224.90,   603.82
  850.39,   224.88,   729.69
  854.52,   345.38,   476.84
  852.93,   346.92,   602.20
  850.91,   349.43,   727.74
  856.66,   468.73,   474.12
  855.31,   470.91,   599.84
  852.74,   475.62,   724.92
  599.19,   227.05,   601.03
  602.61,   225.97,   728.23
  605.13,   224.03,   853.13
  598.04,   351.03,   601.96
  600.29,   348.97,   728.23
  602.25,   346.78,   853.31
  597.92,   475.83,   603.64
  599.11,   473.52,   729.09
  601.16,   471.08,   854.33
  726.07,   228.49,   599.67
  729.01,   224.16,   726.94
  730.57,   221.44,   851.85
  724.32,   351.28,   601.56
  725.70,   348.56,   727.50
  726.02,   347.50,   852.28
  722.83,   475.91,   603.25
  723.89,   474.31,   727.92
  725.06,   473.87,   852.42
  849.85,   228.44,   597.21
  851.97,   223.89,   723.03
  854.24,   221.31,   847.93
  848.70,   350.63,   600.22
  849.38,   348.53,   725.55
  851.35,   348.73,   850.17
  847.69,   474.85,   602.12
  848.23,   474.78,   726.73
  850.10,   476.20,   851.15
  601.65,   350.24,   100.44
  605.46,   350.99,   225.35
  609.33,   351.41,   349.15
  601.84,   475.93,   100.15
  605.69,   476.43,   225.17
  609.36,   476.69,   349.81
  601.52,   602.08,    99.96
  604.69,   601.28,   225.42
  607.67,   601.34,   350.05
  728.39,   351.36,    96.76
  730.73,   352.33,   222.84
  734.09,   352.65,   347.16
  728.20,   477.02,    96.55
  731.15,   478.13,   221.36
  733.96,   477.09,   346.81
  727.18,   602.77,    96.48
  730.08,   603.10,   221.35
  732.62,   602.70,   346.14
  853.33,   352.36,    93.63
  856.18,   352.98,   218.44
  858.78,   352.79,   343.41
  851.48,   477.67,    93.71
  856.26,   479.99,   217.63
  858.86,   477.91,   342.53
  849.23,   602.10,    92.73
  854.29,   604.34,   218.01
  857.97,   603.68,   342.20
  599.15,   351.51,   225.14
  597.03,   349.21,   348.70
  594.05,   346.95,   472.84
  602.79,   476.78,   227.45
  600.45,   474.72,   351.87
  597.65,   471.98,   476.28
  605.44,   601.80,   230.00
  602.79,   599.15,   354.47
  600.58,   596.84,   479.47
  723.93,   348.92,   228.51
  721.51,   346.84,   352.35
  720.01,   344.33,   476.90
  728.70,   474.72,   229.65
  725.37,   471.39,   354.84
  722.90,   467.90,   480.33
  731.11,   599.58,   231.75
  727.66,   596.53,   356.97
  725.14,   593.90,   481.97
  849.43,   345.87,   229.81
  846.43,   343.36,   355.23
  844.75,   340.71,   480.31
  853.78,   472.56,   231.30
  849.86,   467.56,   356.73
  847.28,   463.43,   482.62
  855.38,   597.16,   234.28
  852.93,   593.66,   358.48
  850.32,   590.52,   484.19
  601.01,   350.64,   348.34
  597.31,   353.56,   472.33
  593.79,   355.97,   597.85
  603.77,   475.72,   346.31
  599.96,   478.46,   470.68
  596.15,   480.63,   595.32
  605.18,   600.54,   343.76
  601.93,   603.33,   468.50
  599.06,   606.15,   593.84
  725.73,   348.69,   353.07
  723.08,   351.53,   477.16
  719.82,   353.16,   602.96
  728.65,   473.27,   350.01
  724.85,   475.20,   475.46
  721.20,   477.65,   600.52
  729.99,   598.82,   346.76
  726.36,   601.08,   471.98
  723.89,   604.08,   597.34
  850.55,   346.34,   356.32
  847.98,   348.44,   481.46
  844.30,   350.03,   607.06
  853.18,   470.64,   352.69
  849.56,   471.73,   478.87
  845.99,   473.93,   604.44
  855.45,   596.87,   349.54
  851.62,   598.94,   474.93
  848.48,   601.24,   600.52
  598.67,   350.42,   472.32
  600.85,   351.54,   597.69
  603.58,   352.61,   723.94
  601.36,   475.32,   471.49
  603.39,   476.17,   596.57
  605.45,   476.93,   721.57
  603.46,   600.34,   470.34
  606.50,   602.03,   595.90
  609.64,   603.40,   721.34
  724.28,   348.16,   470.91
  727.18,   348.84,   596.43
  728.84,   349.10,   722.47
  726.38,   471.93,   470.44
  728.61,   473.04,   595.35
  730.07,   474.97,   720.12
  728.08,   598.00,   468.02
  731.27,   599.60,   593.31
  735.00,   601.26,   718.31
  848.77,   344.95,   469.36
  851.25,   345.15,   594.59
  852.89,   346.26,   720.00
  851.12,   468.22,   467.65
  853.61,   469.01,   593.25
  854.75,   472.43,   718.18
  853.32,   594.91,   464.95
  856.18,   596.22,   590.60
  858.72,   598.62,   715.80
  601.96,   348.42,   600.93
  600.30,   348.51,   727.40
  598.23,   349.31,   852.25
  602.62,   473.29,   600.03
  600.22,   473.08,   725.83
  598.52,   473.31,   850.72
  604.17,   598.96,   600.62
  602.66,   599.75,   725.88
  600.45,   600.40,   850.82
  727.97,   346.93,   604.12
  725.07,   346.87,   730.00
  721.91,   348.41,   855.11
  728.08,   471.57,   603.60
  725.04,   472.81,   728.13
  722.46,   474.34,   852.99
  729.29,   597.77,   602.39
  728.62,   599.18,   727.40
  726.95,   600.31,   851.89
  852.35,   345.16,   606.52
  849.24,   345.49,   731.94
  847.34,   348.62,   856.74
  852.76,   468.92,   606.11
  849.48,   471.95,   730.93
  847.55,   475.65,   855.08
  854.21,   596.32,   604.18
  852.23,   598.00,   729.37
  850.93,   599.77,   853.45
  600.78,   476.06,   100.59
  600.03,   473.47,   225.59
  599.36,   470.47,   349.99
  599.19,   602.25,   103.66
  597.78,   598.26,   228.92
  596.77,   595.15,   353.60
  596.97,   728.22,   106.96
  594.63,   722.87,   232.18
  593.19,   718.89,   356.47
  727.35,   478.92,   100.92
  725.73,   476.57,   226.00
  724.50,   471.85,   351.37
  725.18,   604.31,   104.45
  723.37,   600.97,   229.44
  721.84,   597.49,   354.32
  721.48,   728.90,   108.63
  719.48,   725.17,   233.11
  718.07,   723.01,   356.71
  850.95,   480.60,   103.02
  851.08,   479.27,   226.51
  849.09,   473.36,   351.77
  847.34,   604.97,   105.48
  847.79,   603.73,   230.43
  846.86,   599.32,   354.59
  843.73,   728.57,   109.86
  844.61,   727.10,   234.34
  844.30,   726.53,   357.51
  601.31,   473.97,   227.17
  600.69,   476.30,   351.71
  599.25,   478.05,   476.26
  602.47,   598.89,   225.52
  601.28,   600.82,   350.26
  600.32,   602.74,   474.78
  602.12,   723.78,   223.68
  600.56,   724.83,   347.81
  600.39,   727.31,   472.59
  727.35,   473.79,   227.85
  725.80,   474.77,   353.26
  724.28,   475.93,   478.74
  727.82,   598.80,   225.84
  726.17,   600.33,   350.97
  724.69,   601.69,   476.02
  727.12,   722.75,   224.30
  725.25,   725.81,   348.05
  725.09,   728.75,   472.53
  852.46,   473.58,   228.67
  850.13,   473.04,   353.43
  848.97,   473.47,   479.88
  852.47,   598.10,   227.07
  851.19,   599.15,   351.21
  849.88,   600.30,   476.56
  851.72,   721.62,   225.88
  851.41,   726.13,   349.15
  850.57,   729.52,   473.45
  599.20,   474.79,   350.77
  600.10,   473.55,   475.34
  599.99,   471.07,   600.32
  602.32,   599.47,   352.62
  603.29,   598.35,   477.22
  604.50,   596.82,   602.70
  604.18,   723.43,   353.73
  606.18,   722.61,   478.49
  609.49,   722.53,   604.87
  724.34,   470.75,   350.34
  724.78,   468.33,   475.74
  725.46,   466.58,   600.66
  727.36,   596.40,   351.44
  728.00,   594.48,   476.44
  729.51,   592.78,   601.93
  729.07,   721.83,   351.56
  731.19,   721.82,   476.39
  735.02,   720.16,   602.35
  848.74,   466.73,   348.62
  849.51,   463.54,   474.82
  850.23,   461.34,   600.41
  852.55,   592.75,   349.84
  853.24,   590.22,   475.15
  854.15,   588.52,   600.90
  855.50,   719.73,   350.86
  856.54,   718.96,   475.29
  858.25,   716.47,   600.55
  599.18,   477.35,   475.04
  597.48,   480.28,   600.00
  596.01,   483.05,   725.41
  599.45,   602.35,   471.96
  598.67,   605.96,   597.57
  598.08,   609.94,   723.07
  598.77,   726.73,   468.29
  600.00,   731.48,   594.63
  601.44,   737.18,   721.78
  724.18,   475.94,   477.52
  722.70,   479.35,   602.31
  720.77,   483.06,   726.77
  723.93,   602.20,   473.17
  723.86,   605.62,   598.53
  723.91,   609.69,   723.35
  723.69,   728.81,   467.77
  725.68,   732.64,   593.71
  728.34,   735.33,   720.54
  848.65,   474.33,   478.44
  847.48,   477.21,   604.06
  845.18,   482.75,   728.76
  849.04,   601.42,   473.60
  848.33,   604.69,   599.30
  847.80,   608.99,   724.11
  849.14,   730.15,   468.63
  849.42,   732.83,   593.52
  850.90,   733.97,   719.08
  601.14,   474.66,   601.52
  604.32,   474.09,   726.77
  607.68,   473.57,   851.82
  604.64,   600.31,   602.40
  608.29,   600.67,   727.85
  611.42,   600.57,   852.65
  608.40,   725.87,   602.79
  614.37,   728.06,   729.51
  616.30,   728.78,   853.91
  726.36,   471.25,   599.64
  728.65,   471.87,   724.00
  731.41,   473.24,   848.79
  729.49,   597.73,   598.86
  733.83,   598.27,   723.78
  737.75,   598.86,   848.02
  733.52,   725.09,   597.39
  740.24,   723.97,   723.89
  744.76,   723.44,   848.49
  851.37,   466.93,   596.73
  853.36,   469.01,   721.71
  856.44,   472.31,   845.80
  854.18,   594.55,   595.16
  857.52,   595.30,   720.43
  860.86,   596.59,   844.64
  857.02,   722.90,   593.07
  862.47,   720.56,   718.48
  867.75,   719.08,   843.44
  601.30,   602.28,   100.47
  599.99,   601.07,   225.75
  599.16,   601.04,   350.42
  603.71,   728.30,   100.71
  601.37,   725.77,   226.33
  599.97,   725.12,   350.20
  605.19,   852.40,   100.82
  603.48,   850.46,   225.99
  602.52,   849.40,   350.07
  726.75,   599.05,   101.07
  725.24,   599.15,   226.04
  723.84,   598.53,   350.87
  728.35,   724.16,   102.12
  726.36,   723.23,   226.40
  725.17,   724.04,   350.36
  729.40,   848.34,   101.90
  728.11,   847.70,   226.70
  727.46,   849.96,   350.79
  849.36,   595.20,   102.01
  850.06,   596.83,   226.77
  849.03,   595.81,   351.02
  850.45,   719.18,   102.96
  851.09,   720.21,   227.54
  851.16,   722.78,   351.19
  853.34,   844.66,   103.11
  853.68,   845.53,   228.25
  853.77,   848.80,   351.75
  601.11,   601.61,   226.95
  602.41,   603.81,   351.75
  604.00,   606.04,   476.58
  597.91,   726.40,   224.93
  598.69,   727.98,   349.32
  600.94,   730.31,   474.06
  594.93,   851.10,   222.39
  596.19,   852.28,   346.97
  599.56,   855.13,   471.78
  726.34,   604.30,   224.83
  726.95,   606.31,   349.63
  728.34,   607.97,   475.03
  722.78,   728.30,   223.19
  723.35,   731.41,   346.90
  725.83,   735.20,   471.21
  719.56,   853.03,   221.00
  721.39,   857.50,   345.07
  724.56,   860.61,   469.36
  850.80,   606.83,   223.29
  852.41,   608.05,   347.70
  853.64,   609.82,   473.06
  847.44,   729.96,   222.19
  849.63,   734.99,   345.51
  851.64,   738.63,   469.33
  845.40,   855.56,   220.17
  847.57,   860.99,   343.69
  849.69,   862.75,   467.15
  602.33,   598.41,   351.78
  603.83,   597.53,   476.48
  605.80,   596.55,   601.76
  597.40,   722.39,   352.31
  599.79,   721.86,   477.29
  603.82,   722.43,   603.66
  593.99,   846.80,   353.05
  597.19,   846.44,   477.99
  601.44,   847.52,   604.25
  727.03,   601.89,   349.83
  728.38,   600.70,   475.19
  730.59,   599.59,   600.54
  722.12,   727.62,   349.70
  724.91,   727.84,   474.62
  729.56,   727.03,   600.60
  718.94,   853.36,   351.30
  722.33,   853.62,   475.68
  726.89,   851.69,   601.32
  852.20,   605.35,   347.91
  853.70,   603.51,   473.09
  855.25,   602.25,   598.75
  848.62,   732.16,   348.79
  850.26,   732.52,   472.61
  852.86,   730.46,   597.86
  845.15,   857.89,   350.06
  847.27,   857.25,   473.51
  849.74,   853.73,   597.77
  602.24,   598.99,   474.09
  601.28,   600.86,   599.70
  600.79,   602.80,   725.41
  601.11,   723.10,   472.04
  602.47,   726.70,   598.18
  604.15,   730.32,   725.49
  601.28,   848.01,   469.63
  603.21,   851.59,   595.67
  604.47,   855.95,   722.91
  726.85,   598.78,   475.15
  726.35,   600.67,   600.45
  726.68,   603.01,   725.51
  726.09,   726.07,   471.50
  728.34,   728.09,   597.70
  730.94,   729.05,   724.41
  726.39,   851.94,   469.62
  728.36,   852.96,   595.43
  730.57,   852.95,   721.90
  852.01,   598.70,   475.44
  851.40,   600.07,   601.26
  850.67,   602.57,   726.27
  851.41,   727.59,   472.34
  851.88,   728.41,   597.35
  853.20,   728.06,   722.81
  851.29,   852.34,   469.64
  851.43,   852.14,   594.20
  852.62,   850.74,   719.82
  602.06,   598.66,   598.90
  603.58,   596.85,   724.43
  604.74,   594.73,   849.31
  602.52,   724.29,   601.61
  606.28,   724.27,   728.50
  606.22,   723.21,   852.71
  602.22,   849.65,   602.71
  605.95,   850.18,   729.81
  606.08,   849.46,   854.91
  727.18,   599.44,   597.67
  729.70,   597.61,   722.61
  731.29,   596.37,   846.85
  727.86,   726.67,   598.39
  732.79,   723.72,   725.15
  734.82,   721.20,   849.36
  727.60,   851.67,   600.09
  732.18,   847.63,   726.66
  733.53,   845.61,   852.16
  851.64,   599.64,   595.98
  853.16,   598.24,   721.06
  854.61,   597.53,   845.13
  851.49,   727.71,   595.64
  855.06,   723.48,   721.47
  858.55,   719.73,   846.40
  850.62,   851.42,   596.64
  854.11,   846.37,   722.15
  858.09,   843.93,   847.90
