27, 125, pa2-unknown-g-output1.txt
  201.73,   199.05,   190.30
  394.93,   394.16,   205.34
   98.46,    99.00,   100.98
   99.49,    99.85,   226.49
  100.65,   100.37,   350.65
   95.49,   224.17,   100.57
   96.88,   225.26,   225.72
   98.37,   225.57,   349.68
   93.07,   348.72,   100.00
   94.45,   349.45,   224.84
   96.02,   350.46,   348.87
  223.67,   101.66,    99.95
  224.58,   102.07,   225.26
  225.69,   102.63,   349.59
  220.66,   226.98,    99.40
  221.87,   227.64,   224.33
  223.43,   228.01,   348.72
  217.91,   351.63,    99.01
  219.47,   352.54,   223.56
  221.26,   352.87,   347.49
  348.14,   104.07,    98.39
  349.21,   104.52,   223.25
  350.42,   105.27,   348.41
  345.68,   229.17,    97.76
  346.71,   229.43,   222.52
  348.32,   230.26,   347.77
  343.04,   353.97,    97.34
  344.29,   354.61,   222.14
  345.99,   355.34,   346.65
  101.60,   100.32,   224.16
  101.96,   102.93,   348.30
  102.63,   105.49,   472.72
  101.62,   225.75,   221.31
  102.34,   228.14,   345.23
  102.88,   230.66,   469.75
  101.80,   349.96,   218.33
  102.63,   352.97,   342.29
  103.15,   355.97,   466.91
  226.72,    99.87,   223.71
  227.03,   102.53,   348.03
  227.38,   105.15,   472.58
  226.63,   225.43,   220.68
  227.41,   227.90,   345.06
  227.87,   230.39,   469.81
  226.86,   350.36,   217.84
  227.87,   352.77,   341.77
  228.40,   355.41,   466.35
  351.37,    99.70,   222.51
  351.80,   102.55,   347.64
  351.83,   105.21,   473.08
  351.50,   224.57,   219.64
  352.32,   227.49,   344.90
  352.97,   230.53,   470.28
  351.71,   349.74,   217.19
  352.61,   352.57,   341.72
  353.25,   355.47,   466.56
   99.87,   101.53,   349.51
   97.72,   104.62,   473.93
   95.50,   108.05,   599.11
  101.90,   226.71,   345.97
   99.62,   229.75,   470.46
   97.12,   233.19,   596.10
  103.86,   351.52,   342.54
  101.55,   355.05,   467.15
   98.87,   358.47,   592.91
  224.89,    99.52,   352.08
  222.46,   102.67,   476.57
  219.84,   106.11,   601.83
  226.93,   224.87,   348.66
  224.58,   227.88,   473.36
  221.45,   231.18,   598.87
  229.07,   349.73,   344.87
  226.76,   352.88,   469.44
  223.72,   356.54,   595.16
  349.62,    97.99,   354.57
  346.84,   101.18,   479.95
  344.37,   104.96,   605.58
  351.82,   222.90,   351.38
  349.60,   226.42,   476.72
  346.56,   229.61,   602.01
  353.79,   347.95,   347.69
  351.60,   351.37,   472.52
  348.73,   354.65,   597.79
   99.92,   100.78,   474.75
   98.10,   101.43,   599.94
   95.78,   102.53,   725.23
   97.76,   225.95,   473.99
   95.67,   226.63,   599.69
   93.49,   227.60,   725.90
   95.60,   351.32,   473.42
   93.35,   351.94,   599.25
   91.18,   352.32,   725.48
  224.65,   102.84,   476.96
  222.44,   103.53,   602.24
  219.92,   104.49,   727.41
  222.72,   228.08,   476.42
  219.97,   228.61,   602.00
  216.96,   229.94,   727.96
  220.85,   353.13,   475.19
  218.16,   354.04,   601.03
  215.23,   355.29,   727.44
  349.03,   105.32,   479.91
  346.96,   106.37,   605.58
  344.61,   106.70,   730.56
  347.77,   230.62,   479.31
  345.08,   231.04,   604.66
  342.00,   232.23,   730.11
  345.69,   355.58,   477.77
  343.18,   356.13,   603.16
  340.47,   357.00,   728.90
   98.77,    98.79,   601.28
  101.27,   100.49,   726.49
  103.48,   101.88,   851.52
   98.67,   223.99,   600.45
  101.19,   225.60,   726.63
  103.90,   227.11,   851.69
   98.71,   349.32,   599.39
  101.25,   350.48,   725.66
  104.20,   351.61,   850.58
  223.16,    98.52,   598.70
  225.50,   100.07,   723.88
  228.06,   101.16,   848.58
  223.01,   223.58,   597.92
  224.82,   225.51,   723.83
  227.75,   227.52,   848.63
  223.55,   349.00,   596.33
  225.44,   350.89,   722.67
  228.40,   352.38,   847.94
  347.65,    98.99,   597.18
  350.26,    99.98,   722.31
  352.67,   100.42,   846.56
  348.16,   223.65,   595.78
  349.94,   225.35,   721.16
  352.82,   227.70,   845.74
  348.62,   348.74,   593.65
  350.76,   350.18,   719.32
  353.54,   351.45,   844.41
   99.81,   223.68,   100.94
   99.76,   226.52,   226.06
   99.82,   228.59,   349.99
  101.50,   348.25,    98.61
  101.45,   350.75,   223.41
  101.62,   353.45,   347.38
  103.47,   472.59,    96.25
  103.35,   474.92,   220.80
  103.27,   478.33,   345.03
  225.01,   222.34,   101.23
  224.77,   224.73,   226.14
  224.89,   226.88,   350.52
  226.40,   346.99,    99.03
  226.51,   349.65,   223.59
  226.86,   351.74,   347.53
  228.28,   471.50,    96.68
  228.29,   474.15,   221.04
  228.51,   476.57,   344.94
  350.03,   220.36,   101.04
  349.63,   222.38,   225.80
  349.79,   225.01,   351.08
  351.56,   345.17,    98.85
  351.35,   347.54,   223.63
  351.60,   350.08,   348.19
  353.15,   470.19,    96.24
  352.93,   472.78,   221.21
  352.91,   475.00,   345.55
  100.93,   225.73,   225.45
   97.53,   226.23,   349.35
   93.96,   226.90,   473.89
  100.02,   349.96,   224.30
   96.72,   351.13,   348.27
   93.08,   352.31,   472.97
   99.34,   474.17,   223.21
   95.79,   476.08,   347.47
   92.12,   477.76,   472.31
  225.90,   226.55,   228.91
  222.58,   227.15,   353.26
  218.90,   227.76,   477.98
  225.06,   351.49,   227.86
  221.95,   352.03,   351.77
  218.31,   352.82,   476.40
  224.24,   476.00,   226.82
  221.00,   476.90,   350.70
  217.35,   477.93,   475.30
  350.72,   226.83,   232.01
  347.45,   227.93,   357.26
  343.90,   229.01,   482.58
  349.85,   352.03,   231.34
  346.67,   353.01,   355.83
  343.14,   354.00,   480.68
  348.82,   477.29,   230.41
  345.37,   477.93,   354.69
  341.74,   478.81,   479.38
  100.27,   223.77,   350.67
   97.43,   220.20,   475.20
   94.43,   217.05,   600.83
  101.36,   348.63,   353.81
   98.45,   345.53,   478.50
   95.24,   342.32,   604.32
  102.28,   473.58,   357.23
   99.40,   470.93,   482.07
   96.30,   467.44,   607.72
  225.31,   222.69,   353.84
  222.36,   219.08,   478.58
  218.66,   215.75,   604.10
  226.58,   347.53,   356.59
  223.65,   344.12,   481.28
  219.96,   341.18,   607.10
  227.52,   472.37,   359.73
  224.58,   469.17,   484.38
  221.22,   466.31,   610.19
  350.20,   221.48,   357.08
  347.35,   218.34,   482.44
  343.70,   214.96,   607.76
  351.33,   346.55,   359.93
  348.55,   343.35,   484.83
  345.03,   340.03,   610.19
  351.89,   471.41,   363.01
  349.01,   468.10,   487.72
  345.84,   465.10,   612.93
  101.96,   223.82,   473.54
  102.92,   225.79,   599.23
  103.69,   228.09,   725.44
  105.10,   349.10,   471.60
  105.89,   351.08,   597.43
  106.65,   353.00,   723.76
  108.14,   474.43,   469.91
  109.13,   476.22,   595.57
  110.03,   477.54,   721.72
  226.88,   220.68,   472.97
  227.26,   222.49,   598.53
  227.35,   225.13,   724.43
  230.28,   345.69,   470.44
  230.72,   347.87,   596.20
  230.89,   350.44,   722.54
  233.26,   470.70,   468.33
  234.00,   472.95,   594.03
  234.63,   475.29,   720.32
  351.88,   217.91,   472.82
  352.41,   219.69,   598.19
  352.45,   222.07,   723.55
  355.16,   342.93,   470.03
  355.79,   344.72,   595.35
  356.20,   346.83,   721.00
  357.67,   467.63,   467.75
  358.61,   469.74,   592.91
  359.25,   471.64,   718.26
  101.53,   226.34,   599.14
  102.77,   227.70,   725.36
  104.23,   228.96,   850.47
   98.43,   351.65,   598.39
   99.72,   352.53,   724.67
  101.39,   353.37,   849.62
   95.53,   476.81,   597.57
   96.94,   476.98,   723.57
   98.68,   477.44,   848.57
  225.88,   229.14,   597.89
  226.41,   230.83,   723.84
  228.08,   232.59,   848.68
  223.26,   354.53,   596.57
  223.90,   356.15,   722.96
  225.58,   357.35,   848.26
  220.49,   479.61,   595.47
  221.61,   480.98,   721.82
  223.23,   481.58,   847.39
  351.07,   232.40,   596.95
  351.55,   233.85,   722.39
  353.18,   235.94,   847.01
  348.30,   357.43,   595.12
  349.18,   358.60,   720.81
  350.68,   359.54,   845.96
  345.05,   482.52,   593.76
  346.13,   483.55,   719.17
  347.36,   484.07,   844.81
   98.76,   348.60,    99.83
  100.83,   351.24,   224.60
  103.14,   354.09,   348.55
   98.35,   472.94,    97.29
  100.38,   475.42,   221.86
  102.40,   478.98,   346.09
   97.95,   597.61,    94.54
  100.06,   600.18,   219.21
  101.76,   604.01,   343.74
  223.65,   349.67,    98.09
  225.88,   352.48,   222.63
  228.37,   354.71,   346.54
  223.17,   474.17,    95.62
  225.29,   476.96,   219.95
  227.63,   479.55,   343.83
  222.89,   598.85,    92.90
  224.59,   601.60,   217.31
  226.53,   604.51,   341.72
  348.81,   350.21,    95.73
  350.71,   352.72,   220.51
  353.08,   355.38,   345.03
  348.02,   475.22,    92.98
  349.91,   477.97,   217.95
  352.02,   480.32,   342.27
  347.41,   600.25,    89.82
  348.89,   603.26,   214.99
  351.03,   605.36,   339.99
  101.35,   348.60,   225.89
  104.66,   351.95,   349.79
  107.64,   355.26,   474.42
   99.41,   472.74,   222.66
  102.44,   476.82,   346.86
  105.44,   480.63,   471.59
   97.61,   597.46,   219.51
  100.32,   601.82,   344.03
  103.25,   605.83,   468.92
  226.36,   351.26,   222.87
  229.84,   354.01,   346.76
  232.82,   357.01,   471.35
  224.29,   475.71,   219.71
  227.63,   478.82,   343.56
  230.55,   482.03,   468.10
  222.12,   600.30,   216.60
  225.06,   603.76,   340.96
  227.99,   607.17,   465.80
  351.14,   352.95,   219.72
  354.51,   356.13,   344.20
  357.61,   359.37,   469.01
  348.87,   478.17,   216.67
  351.98,   481.04,   340.96
  354.93,   484.10,   465.63
  346.38,   603.42,   213.22
  349.51,   606.05,   338.18
  352.70,   609.28,   463.32
  100.64,   348.54,   348.76
  103.92,   350.64,   473.40
  106.78,   352.68,   599.20
   98.32,   473.44,   347.04
  101.59,   476.05,   471.79
  104.68,   477.84,   597.38
   96.08,   598.48,   345.43
   99.29,   601.28,   470.34
  102.72,   602.61,   595.57
  225.83,   350.75,   345.44
  229.10,   352.52,   470.04
  231.63,   354.78,   595.77
  223.51,   475.57,   343.44
  226.74,   477.57,   467.99
  229.56,   479.87,   593.65
  220.84,   600.53,   342.04
  224.07,   602.73,   466.88
  227.29,   604.71,   592.15
  350.50,   352.99,   342.59
  353.91,   355.02,   467.42
  356.66,   356.92,   592.70
  347.87,   477.93,   340.56
  351.11,   479.77,   465.22
  354.12,   481.99,   590.35
  345.27,   602.95,   338.99
  348.73,   604.97,   464.11
  351.71,   607.58,   588.93
  101.70,   348.66,   473.02
  102.52,   345.11,   598.81
  103.31,   341.51,   725.09
  103.91,   474.01,   476.88
  104.90,   470.22,   602.52
  105.79,   466.02,   728.61
  106.15,   599.17,   480.90
  107.49,   594.86,   606.21
  108.56,   589.91,   731.94
  226.92,   346.11,   471.71
  227.34,   342.77,   597.47
  227.47,   339.83,   723.79
  229.08,   471.11,   475.13
  229.80,   467.87,   600.86
  230.40,   464.70,   727.16
  230.93,   596.23,   479.49
  232.07,   592.69,   604.78
  233.27,   589.14,   730.52
  351.81,   344.20,   471.17
  352.44,   340.50,   596.50
  352.81,   337.15,   722.17
  353.51,   468.89,   474.40
  354.45,   465.50,   599.57
  355.10,   461.87,   724.97
  355.64,   594.09,   478.73
  356.48,   591.07,   603.45
  356.70,   587.80,   728.12
   99.24,   351.44,   600.06
   98.64,   351.90,   726.35
   98.43,   352.30,   851.26
   97.81,   476.62,   599.61
   97.30,   476.38,   725.63
   97.14,   476.41,   850.57
   96.57,   601.43,   599.13
   96.13,   600.40,   724.70
   95.66,   600.36,   849.60
  224.08,   352.89,   600.20
  222.81,   354.11,   726.59
  222.64,   354.87,   851.85
  222.78,   478.00,   599.45
  221.99,   478.96,   725.83
  221.74,   479.11,   851.36
  221.27,   602.82,   599.26
  221.14,   603.27,   725.05
  220.88,   603.41,   850.55
  349.16,   354.34,   600.68
  348.12,   355.13,   726.39
  347.76,   355.68,   851.49
  347.38,   479.45,   599.66
  346.54,   480.05,   725.10
  345.93,   480.12,   850.75
  345.66,   605.05,   599.52
  344.48,   606.06,   724.20
  343.63,   606.63,   849.68
   98.70,   474.92,   101.31
   98.76,   473.83,   225.89
   98.80,   473.79,   350.18
   97.07,   599.56,   102.16
   97.17,   598.64,   226.84
   96.90,   598.88,   351.46
   95.23,   724.77,   102.79
   95.08,   723.97,   227.94
   94.96,   723.95,   352.74
  223.51,   477.50,   101.64
  223.69,   476.64,   225.95
  224.05,   475.60,   349.87
  221.98,   602.15,   102.50
  221.73,   601.29,   226.94
  221.72,   600.59,   351.38
  220.52,   727.10,   103.15
  219.63,   726.26,   227.99
  219.34,   725.74,   353.20
  348.34,   479.85,   101.02
  348.30,   478.93,   225.97
  348.45,   477.63,   350.31
  346.42,   604.95,   101.45
  346.03,   604.19,   226.68
  346.22,   602.66,   351.69
  344.71,   730.06,   101.96
  343.76,   729.22,   227.33
  344.20,   727.69,   353.38
   98.27,   475.47,   226.12
   96.75,   479.08,   350.40
   95.14,   482.42,   475.26
   95.29,   600.21,   223.41
   93.47,   604.09,   348.03
   91.83,   607.61,   473.01
   91.79,   725.49,   220.81
   90.15,   729.06,   345.60
   88.60,   732.29,   470.60
  223.17,   479.69,   227.64
  221.95,   482.29,   351.55
  220.33,   485.02,   476.19
  219.81,   604.28,   225.00
  218.21,   607.24,   349.42
  216.63,   610.14,   474.32
  216.35,   729.18,   222.37
  214.45,   732.32,   347.55
  213.01,   735.15,   472.81
  347.73,   483.44,   229.13
  346.30,   485.75,   353.45
  344.71,   488.33,   478.18
  344.06,   608.64,   226.18
  342.69,   610.74,   351.20
  341.30,   613.52,   476.36
  340.40,   733.60,   223.15
  339.24,   735.72,   349.20
  337.91,   738.47,   474.97
   98.96,   474.24,   350.04
  100.51,   472.69,   474.85
  101.87,   470.33,   600.49
  101.15,   599.30,   352.47
  102.68,   597.90,   477.41
  104.37,   595.05,   602.73
  103.24,   724.36,   354.97
  104.86,   722.65,   479.98
  106.65,   719.37,   605.01
  224.20,   471.99,   348.13
  225.71,   469.84,   472.73
  226.80,   468.03,   598.49
  225.95,   596.96,   350.78
  227.48,   595.00,   475.64
  228.98,   592.87,   600.97
  227.66,   722.08,   353.79
  229.32,   720.05,   479.05
  231.17,   717.56,   603.79
  348.61,   469.97,   346.96
  350.14,   467.69,   471.67
  351.43,   465.74,   596.88
  350.44,   594.98,   349.47
  352.17,   592.90,   474.54
  353.40,   591.31,   599.34
  352.52,   720.00,   352.30
  354.34,   718.00,   478.02
  355.23,   716.84,   602.51
  100.37,   475.87,   476.21
   99.66,   472.99,   601.86
   98.88,   469.59,   727.89
  100.85,   601.09,   479.32
  100.47,   597.71,   604.62
   99.79,   593.56,   730.25
  101.37,   725.83,   482.40
  101.05,   722.07,   607.39
  100.19,   717.32,   732.27
  225.58,   474.66,   476.18
  224.61,   472.34,   601.96
  223.54,   470.10,   728.32
  225.67,   599.82,   479.65
  225.15,   597.16,   604.98
  224.72,   594.46,   730.78
  225.85,   724.87,   483.57
  225.71,   721.78,   608.26
  225.74,   718.45,   732.86
  350.03,   474.14,   477.20
  349.25,   471.71,   602.40
  348.19,   469.05,   727.85
  350.40,   599.39,   480.65
  349.54,   597.31,   605.40
  348.10,   595.01,   730.12
  350.86,   724.47,   484.66
  349.67,   722.80,   609.07
  347.96,   721.08,   732.59
  101.35,   474.09,   600.57
   99.60,   469.71,   726.58
   98.22,   465.56,   851.44
  101.08,   598.79,   604.34
   99.41,   593.64,   729.93
   97.79,   589.50,   854.73
  100.55,   723.11,   608.10
   98.69,   717.39,   732.93
   96.56,   713.41,   857.23
  226.29,   474.50,   601.68
  224.25,   471.26,   728.00
  222.79,   467.20,   853.43
  225.74,   599.29,   605.70
  224.35,   595.59,   731.46
  222.87,   591.46,   856.87
  225.22,   723.87,   609.97
  224.30,   719.50,   734.53
  222.49,   715.40,   859.44
  350.91,   474.94,   603.12
  348.87,   471.27,   728.53
  347.11,   467.08,   854.09
  350.10,   600.53,   607.13
  347.69,   597.23,   731.80
  345.79,   593.45,   857.33
  349.12,   725.99,   611.77
  346.47,   723.24,   735.23
  344.35,   719.22,   859.91
  101.12,   599.24,    99.35
   98.75,   598.30,   223.95
   96.04,   598.58,   348.54
   99.28,   724.42,    99.91
   96.64,   723.64,   224.99
   94.08,   723.65,   349.74
   97.16,   850.57,   100.19
   94.09,   849.41,   225.90
   91.48,   848.36,   351.09
  225.96,   601.86,   102.05
  223.27,   601.00,   226.49
  220.82,   600.32,   350.90
  224.48,   726.81,   102.62
  221.15,   725.97,   227.46
  218.43,   725.46,   352.65
  222.08,   852.19,   103.01
  218.96,   851.20,   228.15
  216.57,   850.60,   354.13
  350.37,   604.65,   103.45
  347.56,   603.89,   228.67
  345.31,   602.38,   353.66
  348.61,   729.77,   103.88
  345.26,   728.92,   229.26
  343.26,   727.42,   355.30
  346.58,   854.68,   104.78
  343.43,   853.49,   230.28
  341.22,   852.29,   356.59
   98.53,   598.56,   226.31
  100.96,   596.64,   350.83
  103.62,   594.30,   475.71
  101.43,   723.83,   229.52
  103.95,   721.67,   354.23
  106.70,   719.04,   479.20
  103.87,   849.51,   232.62
  106.40,   846.44,   357.89
  109.40,   843.20,   482.73
  223.04,   596.30,   223.63
  225.74,   593.45,   347.96
  228.40,   590.54,   472.75
  225.90,   721.25,   226.70
  228.34,   718.53,   351.85
  231.12,   715.57,   477.07
  228.72,   846.39,   229.54
  231.46,   843.61,   355.50
  234.56,   840.45,   480.78
  347.32,   594.28,   220.59
  350.17,   590.62,   345.47
  353.03,   587.57,   470.48
  350.00,   719.31,   223.25
  353.14,   715.60,   349.17
  356.13,   712.64,   474.84
  353.11,   843.86,   226.33
  356.10,   840.42,   352.65
  358.77,   837.27,   478.35
  101.99,   598.56,   351.21
  101.52,   602.50,   476.17
  101.22,   604.95,   601.46
  104.63,   723.55,   348.45
  104.24,   727.21,   473.45
  104.01,   729.32,   598.45
  106.71,   848.36,   345.93
  106.52,   851.34,   470.80
  106.24,   853.68,   595.23
  226.79,   595.67,   351.62
  226.31,   599.03,   476.51
  225.84,   602.18,   601.85
  229.05,   720.74,   349.35
  228.70,   724.05,   474.64
  228.58,   726.83,   599.39
  231.81,   845.81,   346.75
  231.85,   848.94,   472.11
  231.84,   851.59,   596.19
  351.28,   593.11,   352.42
  351.01,   596.37,   477.51
  350.22,   600.13,   602.31
  353.90,   718.11,   349.95
  353.73,   721.40,   475.71
  352.61,   725.53,   600.26
  356.49,   842.95,   347.18
  356.04,   846.01,   472.89
  354.94,   849.68,   597.43
   98.59,   599.32,   474.88
  102.19,   594.93,   600.08
  105.54,   589.80,   725.71
  102.03,   723.99,   478.90
  105.71,   719.17,   603.85
  109.01,   713.34,   728.75
  105.02,   848.06,   482.96
  108.66,   843.44,   607.36
  111.87,   838.25,   731.24
  223.36,   595.23,   471.09
  226.76,   591.54,   596.33
  230.23,   587.89,   722.03
  226.41,   720.23,   475.97
  230.17,   716.18,   600.66
  234.08,   712.01,   725.16
  230.23,   845.08,   480.23
  234.04,   840.85,   604.28
  237.63,   836.50,   727.82
  347.96,   591.93,   468.00
  351.14,   588.78,   592.75
  353.70,   585.42,   717.38
  351.37,   716.97,   472.96
  354.23,   714.24,   597.43
  356.37,   711.58,   720.92
  354.37,   841.58,   477.00
  357.10,   838.53,   601.48
  359.56,   836.06,   724.98
   98.79,   600.46,   598.98
   97.41,   597.29,   724.57
   96.02,   595.08,   849.46
   97.14,   724.90,   600.70
   95.53,   721.21,   725.54
   93.61,   719.06,   849.90
   94.90,   849.36,   602.17
   93.26,   846.69,   726.29
   91.42,   844.95,   850.62
  223.46,   602.02,   600.07
  222.39,   600.31,   725.86
  221.19,   598.26,   851.36
  221.81,   726.64,   602.34
  221.21,   724.24,   726.90
  219.73,   722.09,   851.85
  220.67,   851.39,   603.78
  219.61,   848.85,   727.37
  217.61,   846.58,   852.49
  347.84,   604.41,   601.29
  345.72,   603.19,   725.95
  343.99,   601.53,   851.47
  345.78,   729.80,   603.94
  343.46,   729.11,   727.44
  341.52,   727.23,   851.98
  343.81,   853.99,   605.72
  342.01,   853.24,   729.46
  340.24,   851.37,   854.13
  226.61,   100.98,   102.28
  224.04,   100.55,   227.56
  221.65,   100.29,   351.86
  223.88,   226.32,   102.48
  221.61,   226.14,   227.38
  219.68,   225.69,   351.75
  221.41,   351.00,   102.85
  219.50,   351.05,   227.35
  217.79,   350.55,   351.28
  351.02,   103.07,   104.19
  348.68,   102.76,   229.07
  346.37,   102.67,   354.21
  348.86,   228.19,   104.30
  346.45,   227.65,   229.09
  344.57,   227.68,   354.34
  346.52,   353.04,   104.69
  344.32,   352.84,   229.43
  342.54,   352.76,   353.94
  475.87,   104.91,   106.36
  473.49,   104.86,   231.03
  471.44,   105.27,   356.50
  473.94,   229.86,   106.42
  471.31,   229.55,   231.20
  469.56,   230.02,   356.73
  471.80,   355.08,   106.76
  469.31,   354.83,   231.69
  467.22,   355.03,   356.62
  224.51,   100.86,   226.87
  221.81,   103.58,   351.14
  219.17,   106.25,   475.64
  222.15,   226.42,   223.75
  219.91,   228.94,   348.06
  217.35,   231.47,   472.74
  220.09,   351.31,   220.79
  218.09,   353.77,   344.66
  215.57,   356.47,   469.22
  349.14,   103.05,   228.64
  346.52,   105.90,   353.76
  343.54,   108.62,   479.15
  346.98,   227.91,   225.70
  344.79,   230.90,   350.90
  342.37,   233.93,   476.19
  344.92,   353.07,   223.11
  342.81,   355.94,   347.56
  340.39,   358.84,   472.35
  473.94,   105.13,   230.87
  471.58,   108.47,   356.32
  468.91,   111.49,   482.24
  471.84,   229.79,   228.08
  469.77,   233.20,   353.55
  467.67,   236.69,   479.11
  469.93,   355.03,   225.62
  467.50,   358.18,   350.49
  465.06,   361.22,   475.44
  226.27,    98.21,   348.55
  222.86,    94.96,   472.97
  219.40,    92.06,   598.09
  228.37,   223.56,   351.53
  225.01,   220.17,   476.25
  220.90,   217.04,   601.75
  230.59,   348.41,   354.11
  227.26,   345.19,   478.77
  223.15,   342.45,   604.56
  350.98,    96.50,   351.89
  347.23,    93.35,   477.18
  343.82,    90.74,   602.76
  353.24,   221.40,   355.15
  349.98,   218.48,   480.52
  345.93,   215.30,   605.83
  355.31,   346.47,   357.85
  352.12,   343.48,   482.74
  348.20,   340.35,   608.07
  476.05,    94.99,   355.17
  472.54,    92.09,   480.94
  468.91,    89.48,   606.77
  478.22,   219.60,   358.55
  475.33,   217.13,   484.18
  471.61,   213.88,   609.41
  480.00,   344.58,   361.53
  476.84,   341.72,   486.54
  473.31,   338.28,   611.59
  225.76,   101.25,   472.56
  222.80,   104.83,   597.79
  219.48,   108.72,   722.96
  226.88,   226.47,   469.18
  223.42,   229.89,   594.65
  219.63,   234.10,   720.55
  228.06,   351.47,   465.08
  224.67,   355.25,   590.74
  220.98,   359.41,   717.07
  350.16,   100.79,   476.26
  347.32,   104.72,   601.89
  344.21,   107.99,   726.85
  351.92,   226.03,   472.87
  348.54,   229.37,   598.13
  344.69,   233.40,   723.50
  352.90,   350.98,   468.50
  349.68,   354.41,   593.74
  346.22,   358.14,   719.36
  475.55,   100.76,   479.48
  472.64,   104.75,   605.25
  469.53,   107.76,   730.22
  477.22,   225.88,   475.96
  474.19,   229.15,   601.15
  470.48,   232.36,   726.24
  477.60,   350.44,   471.78
  474.71,   353.57,   596.76
  471.76,   356.68,   721.87
  225.37,   101.05,   598.74
  227.70,   104.77,   723.92
  230.27,   108.06,   848.52
  223.54,   226.06,   595.77
  225.38,   230.15,   721.66
  228.33,   234.35,   846.50
  222.36,   351.43,   592.03
  224.31,   355.46,   718.34
  227.24,   359.10,   843.66
  349.88,   103.19,   597.14
  352.46,   106.36,   722.19
  354.86,   109.05,   846.34
  348.70,   227.83,   593.53
  350.52,   231.67,   718.89
  353.43,   236.19,   843.49
  347.40,   352.86,   589.28
  349.59,   356.43,   714.89
  352.37,   359.79,   840.01
  475.22,   105.45,   594.74
  477.80,   108.50,   719.77
  480.12,   111.00,   844.14
  474.37,   229.92,   590.82
  476.36,   232.92,   715.91
  478.92,   236.70,   840.37
  472.42,   354.33,   586.59
  475.11,   357.28,   711.69
  477.94,   360.15,   836.63
  223.67,   225.32,   100.87
  224.56,   222.07,   225.75
  225.78,   218.58,   350.15
  221.75,   349.98,   104.35
  223.02,   346.98,   228.81
  224.48,   343.43,   352.75
  220.34,   474.44,   107.63
  221.53,   471.44,   231.84
  222.87,   468.25,   355.72
  348.70,   226.67,    99.58
  349.42,   223.05,   224.30
  350.69,   220.02,   349.57
  346.89,   351.47,   103.03
  347.85,   348.20,   227.76
  349.25,   345.10,   352.31
  345.16,   476.49,   106.10
  346.15,   473.41,   230.95
  347.28,   469.98,   355.24
  473.84,   227.83,    98.58
  474.29,   224.41,   223.27
  475.69,   221.81,   348.76
  472.21,   352.98,   101.96
  472.89,   349.65,   226.88
  473.97,   346.82,   351.81
  470.44,   478.27,   104.89
  471.14,   475.12,   230.05
  472.10,   471.85,   354.97
  223.32,   224.31,   223.80
  221.33,   223.05,   348.18
  219.02,   221.81,   472.91
  223.75,   349.25,   224.63
  222.00,   347.94,   348.57
  219.73,   346.87,   473.22
  224.24,   473.76,   225.45
  222.36,   472.80,   349.35
  220.06,   471.97,   473.96
  348.17,   223.25,   225.52
  346.23,   222.46,   350.79
  344.02,   221.70,   476.18
  348.59,   348.44,   226.74
  346.76,   347.57,   351.28
  344.62,   346.74,   476.18
  348.86,   473.70,   227.70
  346.77,   472.50,   352.00
  344.49,   471.53,   476.71
  473.04,   222.58,   227.66
  471.23,   222.22,   353.20
  469.39,   221.94,   478.88
  473.62,   347.86,   229.03
  471.49,   347.27,   353.98
  469.36,   346.60,   479.02
  473.87,   473.38,   229.97
  471.59,   472.34,   354.91
  469.30,   471.27,   479.75
  224.56,   224.52,   349.30
  223.55,   226.92,   474.04
  221.79,   229.61,   599.59
  221.73,   349.35,   346.04
  220.78,   351.91,   470.65
  219.09,   354.97,   596.43
  218.60,   474.14,   343.18
  217.63,   476.95,   467.75
  216.25,   480.02,   593.47
  349.45,   227.47,   350.53
  348.60,   230.38,   475.89
  346.92,   232.97,   601.22
  346.46,   352.50,   347.36
  345.62,   355.28,   472.20
  344.10,   358.00,   597.54
  343.00,   477.38,   344.45
  342.02,   480.01,   469.13
  340.80,   483.06,   594.33
  474.41,   230.74,   351.56
  473.90,   234.11,   477.16
  472.57,   236.60,   602.38
  471.15,   355.71,   348.68
  470.29,   358.62,   473.68
  469.12,   361.01,   598.70
  467.78,   480.74,   345.96
  466.82,   483.31,   470.82
  465.65,   485.95,   595.46
  226.92,   223.80,   475.20
  228.08,   225.16,   600.78
  228.96,   227.34,   726.69
  229.59,   348.84,   473.13
  230.81,   350.56,   598.92
  231.78,   352.66,   725.25
  231.84,   473.87,   471.49
  233.37,   475.66,   597.22
  234.80,   477.52,   723.50
  351.95,   221.78,   474.23
  353.26,   223.08,   599.59
  354.10,   225.00,   724.97
  354.46,   346.78,   471.89
  355.89,   348.12,   597.22
  357.11,   349.75,   722.86
  356.25,   471.52,   470.09
  357.98,   473.17,   595.26
  359.40,   474.60,   720.60
  477.27,   220.04,   472.65
  478.95,   221.32,   597.93
  479.93,   222.39,   723.06
  479.18,   344.67,   470.49
  480.96,   345.73,   595.56
  482.67,   346.76,   720.75
  481.10,   469.32,   468.91
  482.90,   470.54,   593.59
  484.60,   471.62,   718.45
  223.51,   226.09,   598.55
  221.25,   228.13,   724.49
  220.13,   230.20,   849.33
  225.84,   351.50,   596.88
  223.67,   353.48,   723.26
  222.56,   355.04,   848.56
  228.01,   476.60,   595.37
  226.32,   478.34,   721.71
  225.15,   479.29,   847.30
  348.64,   224.41,   600.52
  346.32,   226.25,   725.92
  345.19,   228.68,   850.47
  350.90,   349.48,   598.33
  348.96,   351.03,   724.02
  347.68,   352.41,   849.11
  352.62,   474.55,   596.54
  350.90,   475.90,   721.95
  349.37,   476.76,   847.58
  474.34,   223.05,   602.01
  472.14,   224.06,   727.15
  470.64,   225.90,   851.55
  475.98,   347.48,   599.80
  474.54,   348.43,   725.01
  473.22,   349.32,   849.90
  477.54,   472.33,   597.98
  476.05,   473.31,   722.87
  474.67,   474.40,   848.31
  223.38,   348.95,    98.98
  222.95,   349.17,   223.55
  222.76,   348.80,   347.51
  221.88,   473.47,    99.08
  221.36,   473.65,   223.42
  221.04,   473.65,   347.33
  220.59,   598.13,    98.92
  219.65,   598.29,   223.36
  218.94,   598.65,   347.77
  348.53,   350.54,    99.31
  347.79,   350.46,   224.11
  347.51,   350.53,   348.66
  346.72,   475.58,    99.15
  345.99,   475.71,   224.11
  345.45,   475.46,   348.43
  345.04,   600.67,    98.55
  343.96,   600.98,   223.76
  343.44,   600.49,   348.74
  473.85,   352.12,    99.88
  472.84,   351.98,   224.85
  472.24,   352.31,   349.80
  471.99,   477.44,    99.59
  471.00,   477.50,   224.80
  470.28,   477.39,   349.77
  470.20,   602.54,    98.94
  468.94,   602.98,   224.18
  468.56,   602.48,   349.88
  225.54,   350.86,   226.59
  223.30,   347.58,   350.50
  220.54,   344.55,   475.14
  222.47,   475.30,   229.29
  220.10,   472.38,   353.16
  217.32,   469.58,   477.76
  219.26,   599.88,   232.10
  216.53,   597.34,   356.46
  213.79,   594.72,   481.28
  350.32,   353.58,   229.27
  348.01,   350.74,   353.77
  345.38,   347.93,   478.63
  347.03,   478.77,   232.10
  344.46,   475.58,   356.36
  341.70,   472.65,   481.05
  343.51,   603.94,   234.65
  340.98,   600.55,   359.58
  338.38,   597.85,   484.59
  475.30,   356.54,   232.14
  472.67,   353.96,   357.02
  470.05,   351.27,   482.01
  471.96,   481.99,   234.93
  469.22,   478.94,   359.84
  466.45,   475.90,   484.64
  468.42,   607.36,   237.21
  466.06,   603.95,   362.88
  463.55,   601.27,   488.00
  225.67,   350.51,   349.67
  223.79,   349.70,   474.35
  221.15,   349.37,   600.18
  226.63,   475.38,   350.22
  224.72,   474.78,   474.86
  222.41,   474.50,   600.64
  227.20,   600.39,   351.41
  225.33,   599.97,   476.29
  223.46,   599.33,   601.64
  350.41,   349.54,   352.00
  348.67,   348.96,   476.91
  346.21,   348.26,   602.29
  351.02,   474.47,   352.50
  349.15,   473.74,   477.23
  347.01,   473.37,   602.45
  351.72,   599.52,   353.55
  350.04,   599.01,   478.66
  347.83,   598.97,   603.45
  475.14,   348.63,   354.29
  473.41,   348.19,   479.34
  471.32,   347.17,   604.43
  475.89,   473.70,   355.00
  473.99,   472.87,   479.86
  471.92,   472.05,   604.53
  476.90,   598.80,   355.87
  475.28,   598.27,   481.08
  472.74,   598.10,   605.36
  226.21,   351.76,   473.02
  227.45,   354.14,   598.81
  228.43,   356.88,   725.16
  225.19,   476.82,   470.82
  226.73,   479.24,   596.54
  228.19,   481.72,   722.84
  223.85,   602.00,   469.55
  225.80,   604.08,   594.86
  227.90,   606.10,   720.54
  351.08,   352.94,   471.71
  352.52,   354.95,   597.03
  353.76,   357.22,   722.68
  349.61,   477.71,   469.34
  351.34,   480.05,   594.52
  352.74,   482.16,   719.86
  348.55,   602.93,   468.07
  350.24,   605.64,   592.91
  351.24,   608.23,   717.48
  475.78,   354.08,   470.28
  477.57,   355.79,   595.32
  479.32,   357.46,   720.48
  474.47,   478.79,   468.14
  476.25,   480.70,   592.79
  477.86,   482.48,   717.60
  473.82,   604.13,   466.67
  475.24,   606.73,   591.03
  475.80,   609.48,   715.26
  223.24,   348.70,   599.55
  219.91,   350.24,   725.92
  217.69,   351.35,   851.16
  220.88,   473.81,   598.43
  218.03,   475.09,   724.81
  215.74,   475.57,   850.33
  218.32,   598.61,   597.86
  216.15,   599.34,   723.69
  213.90,   599.77,   849.19
  348.27,   351.25,   602.08
  345.16,   352.38,   727.78
  342.77,   353.30,   852.85
  345.45,   476.34,   600.69
  342.57,   477.26,   726.14
  339.93,   477.65,   851.77
  342.67,   601.89,   600.16
  339.50,   603.18,   724.88
  336.65,   604.01,   850.38
  473.31,   353.78,   604.63
  470.73,   354.29,   729.83
  468.24,   354.71,   854.72
  470.31,   478.69,   603.19
  467.59,   479.24,   728.08
  465.04,   479.92,   853.54
  467.53,   604.77,   602.52
  463.75,   606.27,   726.82
  461.18,   607.70,   852.11
  224.38,   476.26,   100.64
  221.27,   479.95,   224.88
  218.31,   483.51,   348.72
  227.47,   600.90,    96.98
  223.92,   604.57,   221.37
  220.59,   608.44,   345.75
  230.66,   725.87,    93.10
  226.47,   729.50,   217.84
  222.85,   733.52,   343.03
  349.15,   474.07,   103.41
  345.83,   477.72,   228.24
  342.68,   481.00,   352.47
  351.88,   599.10,    99.30
  348.18,   602.95,   224.44
  345.06,   605.99,   349.38
  354.86,   724.15,    95.28
  350.51,   727.97,   220.50
  347.64,   730.98,   346.50
  474.37,   471.60,   106.57
  470.78,   475.19,   231.65
  467.44,   478.63,   356.50
  476.98,   596.68,   102.44
  473.14,   600.60,   227.58
  470.16,   603.66,   353.19
  479.45,   721.63,    98.50
  475.42,   725.82,   223.39
  472.84,   728.70,   349.79
  225.77,   474.68,   224.43
  224.42,   477.14,   348.32
  222.66,   479.74,   472.93
  227.91,   599.33,   221.93
  226.20,   602.11,   346.35
  224.46,   604.89,   471.22
  229.95,   724.28,   219.41
  227.95,   727.20,   344.65
  226.34,   729.93,   469.95
  350.38,   472.85,   226.18
  348.82,   475.09,   350.49
  347.08,   477.54,   475.19
  352.23,   598.13,   223.39
  350.70,   600.10,   348.36
  349.17,   602.76,   473.48
  354.05,   723.20,   220.45
  352.79,   725.13,   346.48
  351.36,   727.78,   472.28
  475.41,   470.75,   227.96
  473.66,   473.16,   352.89
  471.91,   475.52,   477.73
  477.26,   596.20,   224.91
  475.85,   598.22,   350.57
  474.41,   600.87,   475.81
  479.04,   721.46,   221.72
  478.03,   723.30,   348.16
  476.76,   726.05,   473.99
  224.03,   474.21,   348.64
  222.61,   470.86,   473.21
  220.77,   467.83,   598.95
  222.08,   599.17,   352.52
  220.69,   596.01,   477.34
  219.29,   592.61,   602.66
  220.09,   724.29,   356.75
  218.83,   721.04,   481.92
  217.84,   717.16,   606.64
  348.43,   475.82,   350.47
  347.04,   472.33,   475.15
  345.39,   469.20,   600.34
  346.59,   600.80,   354.23
  345.37,   597.54,   479.27
  343.66,   594.73,   604.04
  344.96,   725.79,   358.36
  343.80,   722.60,   483.99
  341.80,   720.15,   608.38
  473.28,   477.56,   352.53
  471.86,   473.98,   477.35
  470.29,   470.41,   601.99
  471.74,   602.60,   356.12
  470.61,   599.33,   481.29
  468.55,   596.40,   605.53
  470.22,   727.62,   359.72
  469.19,   724.54,   485.43
  466.63,   722.49,   609.69
  224.43,   475.70,   475.49
  224.32,   478.58,   601.26
  224.14,   481.51,   727.60
  223.70,   600.86,   473.74
  224.01,   603.38,   599.08
  224.48,   605.83,   724.81
  223.02,   725.93,   472.44
  223.70,   728.05,   597.22
  224.61,   729.85,   721.70
  348.88,   476.01,   475.66
  348.94,   478.81,   600.86
  348.69,   481.38,   726.26
  348.42,   601.24,   473.92
  348.43,   604.40,   598.74
  347.80,   607.42,   723.36
  348.05,   726.28,   472.70
  347.77,   729.76,   597.29
  346.91,   733.32,   720.79
  473.74,   476.50,   476.10
  473.87,   478.87,   600.75
  473.81,   481.10,   725.61
  473.69,   601.86,   474.16
  473.40,   604.92,   598.48
  472.29,   608.14,   722.76
  473.47,   727.04,   472.34
  472.80,   730.85,   596.80
  470.88,   734.97,   720.51
  223.73,   474.50,   601.45
  224.81,   476.75,   727.79
  226.45,   478.17,   853.26
  225.51,   599.31,   599.91
  227.22,   601.13,   725.66
  228.79,   602.58,   851.12
  227.27,   724.00,   598.72
  229.42,   725.23,   723.21
  230.70,   726.59,   848.11
  348.35,   472.60,   599.80
  349.39,   474.47,   725.22
  350.65,   475.82,   850.81
  349.92,   598.18,   598.29
  350.57,   600.48,   722.95
  351.56,   602.42,   848.41
  351.35,   723.61,   597.50
  351.69,   726.52,   721.03
  352.42,   728.34,   845.38
  473.26,   470.54,   598.45
  474.55,   472.04,   723.34
  475.97,   473.67,   848.77
  474.89,   596.52,   596.80
  475.16,   598.95,   721.13
  476.51,   601.42,   846.41
  476.42,   722.52,   595.74
  475.85,   725.92,   719.50
  476.77,   728.18,   843.88
  223.69,   599.54,   101.03
  223.69,   596.09,   225.43
  223.94,   592.78,   349.78
  220.49,   724.38,   104.29
  219.85,   720.96,   229.07
  219.82,   717.83,   354.19
  216.37,   849.67,   107.30
  215.94,   846.10,   232.48
  216.20,   842.91,   358.39
  348.11,   604.06,    99.83
  347.96,   600.73,   225.02
  348.38,   596.60,   349.96
  344.64,   729.10,   102.94
  343.94,   725.66,   228.28
  344.62,   721.54,   354.25
  340.86,   853.93,   106.49
  340.38,   850.14,   231.96
  340.87,   846.34,   358.26
  473.24,   607.89,    99.41
  472.92,   604.70,   224.61
  473.49,   600.57,   350.29
  469.21,   732.96,   102.52
  468.82,   729.85,   227.60
  469.82,   725.55,   354.06
  465.22,   858.04,   106.14
  465.22,   854.54,   231.58
  465.92,   850.26,   357.58
  223.49,   601.01,   224.26
  220.21,   601.00,   348.66
  216.92,   600.98,   473.50
  226.01,   726.00,   224.63
  222.47,   726.13,   349.84
  219.30,   726.02,   475.07
  228.49,   851.19,   224.72
  225.27,   851.24,   350.72
  222.48,   850.93,   476.00
  347.75,   599.25,   227.25
  344.66,   598.41,   352.19
  341.53,   598.25,   477.25
  350.09,   724.31,   227.24
  347.28,   723.44,   353.25
  344.23,   723.33,   478.95
  352.89,   848.90,   227.64
  349.89,   848.31,   353.97
  346.59,   848.00,   479.60
  472.72,   596.78,   230.31
  469.74,   595.97,   355.94
  466.70,   595.81,   481.11
  475.03,   722.03,   230.04
  472.48,   721.04,   356.49
  469.57,   721.05,   482.23
  477.73,   846.93,   230.66
  474.98,   845.90,   356.72
  471.52,   845.55,   482.36
  225.00,   600.40,   350.97
  227.33,   602.48,   475.86
  229.66,   604.36,   601.18
  221.27,   725.49,   350.01
  223.74,   727.51,   475.29
  226.44,   728.98,   600.04
  218.07,   850.59,   348.74
  220.94,   852.41,   474.04
  223.76,   853.70,   598.10
  349.45,   603.80,   348.85
  352.01,   605.78,   474.00
  354.03,   608.31,   598.78
  346.06,   728.80,   347.71
  348.70,   730.77,   473.50
  350.42,   733.61,   598.07
  342.69,   853.62,   346.25
  345.07,   855.42,   471.88
  346.89,   857.70,   596.39
  474.56,   607.35,   346.85
  477.25,   609.32,   472.18
  478.98,   611.74,   596.48
  471.21,   732.40,   345.15
  474.05,   734.43,   471.04
  475.42,   737.57,   595.51
  467.72,   857.17,   343.27
  469.89,   858.83,   468.83
  471.26,   861.45,   593.85
  224.88,   600.91,   474.44
  221.62,   597.88,   599.70
  218.47,   594.77,   725.48
  223.98,   725.96,   478.70
  221.10,   722.48,   603.36
  218.45,   718.65,   727.94
  223.88,   850.85,   482.26
  221.05,   847.19,   606.23
  217.97,   843.19,   729.77
  349.57,   601.48,   478.24
  345.97,   599.03,   602.95
  341.84,   596.37,   727.64
  348.95,   726.54,   482.59
  345.04,   724.46,   606.96
  340.71,   722.30,   730.46
  347.97,   851.17,   485.84
  344.14,   848.71,   610.22
  340.27,   846.59,   733.79
  474.79,   602.27,   482.09
  470.83,   599.73,   606.28
  466.19,   597.22,   730.58
  474.32,   727.51,   485.83
  469.87,   725.82,   610.08
  464.38,   724.29,   733.68
  472.86,   851.95,   488.55
  468.44,   849.94,   613.46
  463.57,   848.40,   737.78
  226.98,   600.04,   600.93
  228.81,   599.19,   726.68
  230.50,   597.96,   852.16
  230.77,   724.71,   602.39
  233.01,   723.33,   726.88
  234.39,   722.05,   851.82
  235.06,   849.46,   603.09
  236.91,   847.99,   726.69
  237.85,   846.52,   851.81
  351.34,   596.91,   599.10
  352.14,   596.48,   723.78
  353.30,   595.69,   849.29
  354.77,   722.37,   600.95
  355.20,   722.60,   724.46
  356.11,   721.71,   848.92
  358.06,   846.59,   602.07
  358.96,   846.87,   725.78
  360.09,   846.04,   850.21
  476.27,   593.22,   597.41
  476.74,   592.88,   721.78
  478.29,   592.57,   847.11
  479.82,   719.26,   598.97
  479.42,   719.92,   722.75
  480.64,   719.42,   847.27
  482.84,   843.54,   600.09
  482.90,   844.15,   724.58
  483.81,   843.81,   848.94
  351.34,    98.56,   101.55
  349.97,    98.60,   226.44
  348.67,    98.90,   351.57
  348.22,   223.67,   101.31
  346.77,   223.46,   226.09
  345.87,   223.84,   351.37
  344.90,   348.49,   101.34
  343.66,   348.63,   226.11
  342.88,   348.90,   350.65
  476.19,   101.42,   102.75
  474.79,   101.66,   227.40
  473.73,   102.47,   352.84
  473.30,   226.32,   102.44
  471.62,   226.33,   227.20
  470.85,   227.14,   352.74
  470.17,   351.50,   102.41
  468.66,   351.58,   227.36
  467.56,   352.14,   352.30
  601.57,   104.35,   104.47
  600.01,   104.61,   229.10
  598.95,   105.72,   353.92
  598.36,   229.23,   104.00
  596.60,   229.63,   228.76
  595.52,   230.54,   353.79
  595.43,   354.72,   103.92
  594.02,   354.98,   228.86
  592.53,   355.32,   353.75
  349.53,   100.94,   225.17
  351.36,   102.40,   350.30
  352.79,   103.70,   475.76
  347.08,   225.82,   223.73
  349.31,   227.36,   348.99
  351.33,   228.99,   474.38
  344.71,   351.00,   222.66
  347.03,   352.43,   347.18
  349.05,   353.94,   472.06
  474.34,   103.20,   222.98
  476.43,   105.18,   348.40
  478.23,   106.79,   474.32
  471.93,   227.91,   221.69
  474.26,   229.86,   347.17
  476.62,   231.96,   472.81
  469.73,   353.18,   220.76
  471.73,   354.89,   345.68
  473.73,   356.53,   470.70
  599.58,   105.36,   221.56
  601.63,   107.64,   346.35
  603.79,   109.58,   471.58
  596.93,   230.40,   220.11
  598.96,   232.48,   345.11
  600.91,   234.30,   470.32
  595.12,   355.79,   219.12
  596.76,   357.30,   343.99
  598.42,   358.68,   468.92
  351.51,   100.19,   349.38
  354.04,    99.00,   474.79
  356.90,    98.42,   600.51
  354.08,   225.14,   350.53
  357.20,   224.25,   475.96
  359.52,   223.04,   601.32
  356.43,   350.23,   351.18
  359.56,   349.24,   476.11
  362.01,   348.06,   601.43
  476.57,    98.44,   346.35
  479.44,    97.53,   472.18
  482.20,    96.94,   598.02
  479.01,   223.07,   347.61
  482.47,   222.65,   473.27
  485.18,   221.43,   598.54
  481.13,   348.11,   348.58
  484.25,   347.25,   473.62
  487.07,   345.80,   598.69
  601.79,    96.22,   343.25
  605.03,    95.66,   468.35
  608.01,    94.71,   593.78
  603.68,   221.13,   344.42
  606.75,   220.43,   469.61
  609.70,   219.40,   594.97
  606.10,   345.92,   345.75
  608.86,   344.80,   470.67
  611.84,   343.43,   595.82
  348.39,    99.72,   474.14
  346.66,   101.35,   599.83
  344.72,   102.29,   724.90
  348.14,   224.99,   473.06
  345.85,   226.02,   598.41
  343.09,   227.73,   723.83
  347.16,   349.98,   470.97
  345.01,   351.11,   596.32
  342.62,   352.56,   722.04
  473.79,   101.60,   476.25
  471.97,   103.28,   602.08
  469.99,   104.06,   727.17
  473.48,   226.76,   475.03
  471.54,   227.73,   600.30
  468.92,   228.63,   725.45
  471.88,   351.38,   473.12
  470.08,   352.20,   598.18
  468.20,   353.02,   723.39
  599.44,   103.18,   477.07
  597.71,   104.56,   602.62
  595.50,   105.80,   727.89
  597.84,   227.95,   476.05
  596.22,   229.10,   601.45
  594.30,   229.66,   726.77
  596.54,   352.32,   474.83
  594.94,   353.17,   599.96
  593.47,   353.86,   725.17
  350.76,   100.45,   599.20
  350.93,   103.09,   724.28
  350.91,   105.27,   848.47
  351.54,   225.09,   596.08
  350.90,   228.46,   721.47
  351.39,   232.49,   846.06
  352.22,   350.14,   592.28
  351.96,   353.22,   717.92
  352.32,   356.14,   843.05
  476.10,   100.81,   599.32
  476.25,   103.35,   724.42
  476.18,   105.33,   848.78
  477.24,   225.28,   595.87
  476.76,   227.81,   720.99
  476.89,   231.15,   845.44
  477.29,   349.70,   592.08
  477.54,   352.17,   717.24
  477.91,   354.60,   842.17
  601.90,   100.47,   597.69
  601.80,   103.48,   722.95
  601.64,   105.66,   847.47
  601.86,   225.07,   594.88
  602.08,   227.37,   720.21
  601.93,   229.49,   844.89
  602.12,   349.12,   591.74
  602.77,   351.51,   716.97
  603.36,   353.97,   841.82
  349.89,   223.50,   100.55
  348.07,   224.82,   225.31
  346.81,   226.72,   350.57
  352.91,   348.29,    99.10
  351.27,   349.95,   223.89
  350.11,   351.77,   348.43
  355.98,   473.31,    97.22
  354.33,   475.18,   222.20
  352.90,   476.68,   346.54
  474.95,   219.84,   102.08
  472.90,   221.38,   226.82
  471.77,   223.71,   352.35
  478.19,   345.01,   100.60
  476.30,   346.61,   225.54
  474.82,   348.70,   350.49
  481.23,   470.29,    98.65
  479.37,   472.08,   223.83
  477.75,   473.75,   348.79
  599.99,   216.40,   104.05
  597.86,   218.35,   228.78
  596.45,   220.83,   353.81
  603.41,   341.88,   102.55
  601.61,   343.68,   227.46
  599.77,   345.57,   352.32
  606.54,   467.24,   100.68
  605.12,   469.00,   225.74
  603.28,   470.57,   350.82
  350.14,   224.91,   225.51
  352.82,   223.34,   350.79
  355.27,   221.84,   476.22
  350.06,   350.10,   227.52
  352.84,   348.44,   352.08
  355.32,   346.85,   477.01
  349.84,   475.35,   229.26
  352.34,   473.36,   353.58
  354.67,   471.61,   478.33
  475.01,   224.79,   223.04
  477.79,   223.63,   348.54
  480.60,   222.60,   474.20
  475.10,   350.07,   225.21
  477.56,   348.67,   350.15
  480.04,   347.21,   475.19
  474.85,   475.58,   226.92
  477.21,   473.75,   351.88
  479.53,   471.88,   476.74
  600.01,   225.04,   221.05
  602.50,   224.03,   346.01
  604.91,   222.73,   471.22
  600.48,   350.45,   223.15
  602.57,   348.84,   347.99
  604.68,   347.12,   472.92
  600.63,   475.81,   224.82
  602.77,   473.89,   349.93
  604.75,   471.83,   474.74
  348.25,   225.68,   348.12
  351.81,   222.25,   473.48
  354.60,   218.53,   598.81
  349.20,   350.74,   351.31
  352.80,   347.22,   476.18
  355.70,   343.54,   601.49
  349.63,   475.62,   354.72
  353.08,   471.95,   479.40
  356.29,   468.58,   604.54
  473.18,   225.08,   344.73
  477.11,   222.14,   470.34
  480.30,   218.43,   595.58
  473.89,   350.10,   348.25
  477.50,   346.74,   473.23
  480.79,   342.79,   598.26
  474.46,   475.15,   351.88
  477.91,   471.36,   476.67
  481.20,   467.55,   601.28
  597.87,   224.62,   341.09
  601.44,   221.44,   466.23
  604.87,   217.91,   591.53
  598.87,   349.42,   344.96
  602.11,   345.80,   469.82
  605.56,   341.92,   594.90
  599.99,   474.44,   348.79
  603.09,   470.46,   473.54
  606.49,   466.55,   598.25
  351.49,   226.59,   476.06
  350.44,   228.68,   601.40
  348.95,   231.45,   726.82
  348.47,   351.52,   472.90
  347.57,   353.70,   598.25
  346.45,   356.18,   723.94
  344.81,   476.25,   470.32
  344.20,   478.76,   595.54
  343.29,   481.08,   720.97
  476.80,   230.37,   476.70
  476.11,   232.37,   601.95
  474.77,   234.31,   727.10
  473.15,   354.91,   473.75
  472.60,   356.77,   598.80
  472.01,   358.62,   723.98
  469.61,   479.58,   471.41
  469.07,   481.67,   596.06
  468.30,   483.63,   720.91
  601.08,   233.51,   476.42
  600.71,   235.70,   601.81
  600.07,   237.31,   727.14
  597.81,   357.84,   474.18
  597.45,   359.74,   599.29
  597.26,   361.50,   724.49
  594.83,   482.58,   472.08
  594.35,   484.53,   596.78
  594.29,   486.72,   721.74
  349.99,   224.81,   602.15
  345.35,   223.92,   727.51
  341.91,   223.57,   851.96
  350.88,   349.89,   602.71
  346.63,   348.74,   728.38
  343.10,   347.44,   853.40
  351.26,   474.99,   603.66
  347.25,   473.58,   729.07
  343.51,   471.66,   854.66
  475.64,   224.71,   605.89
  471.12,   223.01,   731.01
  467.35,   222.16,   855.33
  475.94,   349.15,   606.43
  472.20,   347.39,   731.61
  468.56,   345.60,   856.43
  476.15,   474.03,   607.32
  472.36,   472.25,   732.21
  468.70,   470.59,   857.61
  600.28,   224.29,   608.90
  596.47,   222.24,   734.18
  592.31,   220.15,   858.70
  600.77,   348.33,   610.07
  597.42,   346.41,   735.26
  593.94,   344.60,   860.00
  601.47,   473.09,   611.23
  598.36,   471.56,   736.21
  595.14,   470.08,   860.95
  349.37,   349.51,   100.56
  350.00,   349.04,   225.35
  351.08,   348.74,   349.93
  352.14,   474.55,   100.77
  352.76,   474.28,   225.73
  353.57,   473.65,   350.09
  355.02,   599.65,   100.50
  355.30,   599.57,   225.74
  356.16,   598.68,   350.78
  474.67,   346.50,    99.75
  475.03,   345.97,   224.71
  475.80,   345.94,   349.69
  477.41,   471.80,    99.86
  477.81,   471.46,   225.08
  478.44,   471.00,   350.06
  480.21,   596.89,    99.61
  480.35,   596.92,   224.84
  481.33,   596.08,   350.55
  599.92,   343.66,    99.39
  600.36,   343.32,   224.33
  600.76,   343.09,   349.21
  602.74,   469.03,    99.58
  603.57,   468.66,   224.68
  603.98,   468.10,   349.79
  605.51,   593.79,    99.44
  606.23,   593.65,   224.50
  606.95,   593.23,   350.14
  350.63,   349.99,   223.29
  351.70,   352.87,   347.82
  352.47,   355.79,   472.68
  352.26,   475.23,   220.49
  353.05,   477.79,   344.83
  353.69,   480.54,   469.53
  353.66,   600.52,   217.30
  354.49,   602.81,   342.32
  355.36,   605.75,   467.48
  475.69,   348.05,   222.70
  476.44,   351.19,   347.63
  477.19,   354.25,   472.65
  477.32,   473.53,   219.87
  477.95,   476.26,   344.83
  478.58,   478.94,   469.70
  478.72,   599.01,   216.41
  479.67,   601.34,   342.09
  480.65,   604.26,   467.42
  601.06,   346.52,   222.38
  601.46,   349.46,   347.23
  601.88,   352.27,   472.16
  603.10,   471.86,   219.51
  603.55,   474.50,   344.61
  603.82,   476.99,   469.44
  604.60,   596.83,   216.09
  605.33,   599.62,   341.74
  605.85,   602.36,   466.78
  351.42,   350.27,   350.30
  349.89,   351.61,   475.19
  347.67,   352.83,   600.55
  350.31,   475.21,   348.86
  348.65,   476.39,   473.58
  346.73,   477.94,   598.79
  349.28,   600.26,   347.95
  347.81,   601.63,   473.08
  345.85,   603.53,   597.90
  476.16,   351.12,   352.38
  474.61,   352.57,   477.41
  472.75,   353.48,   602.47
  475.18,   476.19,   351.14
  473.50,   477.28,   476.01
  471.64,   478.40,   600.66
  474.44,   601.29,   350.03
  473.07,   602.66,   475.31
  470.78,   604.47,   599.62
  601.16,   351.88,   354.23
  599.28,   353.09,   479.18
  597.62,   354.03,   604.32
  600.75,   476.93,   353.20
  598.72,   477.84,   478.02
  596.97,   478.83,   602.75
  600.07,   602.10,   351.95
  598.28,   603.27,   476.96
  596.36,   604.62,   601.43
  348.62,   349.32,   473.99
  346.06,   349.05,   599.35
  343.26,   349.13,   725.08
  348.98,   474.11,   473.88
  346.73,   474.16,   599.10
  344.19,   474.00,   724.56
  349.74,   599.37,   474.89
  347.44,   599.76,   599.69
  344.56,   599.96,   724.40
  473.35,   348.68,   476.54
  471.15,   348.10,   601.63
  468.86,   347.55,   726.85
  473.82,   473.37,   476.64
  471.63,   472.98,   601.31
  469.30,   472.43,   726.22
  474.99,   598.76,   477.44
  472.36,   599.03,   601.74
  469.00,   599.39,   726.08
  597.99,   347.58,   478.64
  596.00,   347.05,   603.80
  594.11,   346.34,   729.03
  599.02,   472.30,   478.99
  596.95,   471.79,   603.74
  595.27,   471.46,   728.75
  600.18,   597.70,   479.43
  597.95,   597.53,   603.91
  595.90,   597.83,   728.72
  351.59,   348.93,   598.16
  352.05,   348.56,   723.86
  353.18,   348.03,   848.94
  351.71,   474.03,   598.28
  352.39,   473.44,   723.69
  353.27,   472.33,   849.31
  351.88,   599.66,   599.25
  352.15,   599.49,   723.92
  352.80,   598.93,   849.41
  476.69,   348.54,   597.20
  477.66,   347.55,   722.42
  478.75,   346.53,   847.33
  476.64,   473.41,   597.29
  477.57,   472.45,   722.18
  478.63,   471.59,   847.63
  476.87,   599.43,   598.11
  476.77,   599.39,   722.45
  477.80,   599.34,   847.76
  601.53,   348.03,   596.13
  602.88,   346.94,   721.40
  604.14,   345.90,   846.27
  601.97,   472.77,   596.50
  603.56,   472.05,   721.52
  605.16,   471.37,   846.38
  602.47,   598.47,   597.05
  603.76,   598.30,   721.88
  605.07,   597.73,   847.03
  348.52,   473.53,   100.01
  352.16,   471.63,   224.89
  355.97,   469.39,   349.19
  351.07,   598.62,   101.33
  354.38,   596.92,   226.48
  358.23,   594.40,   351.43
  353.80,   723.75,   102.68
  356.55,   721.98,   227.98
  360.73,   719.41,   353.98
  473.75,   471.16,    96.04
  477.15,   469.19,   221.20
  480.80,   467.12,   346.12
  476.24,   596.22,    97.37
  479.37,   594.65,   222.53
  483.36,   592.19,   348.17
  478.51,   721.28,    98.82
  481.52,   719.91,   223.76
  485.92,   717.27,   350.17
  599.00,   468.76,    92.72
  602.86,   466.78,   217.75
  606.31,   464.60,   342.80
  601.47,   593.51,    94.19
  605.20,   591.77,   219.13
  608.95,   589.71,   344.72
  603.81,   718.18,    95.79
  607.36,   716.85,   220.42
  611.26,   715.05,   346.31
  351.06,   476.16,   226.22
  350.91,   476.68,   350.58
  350.58,   477.42,   475.33
  353.46,   601.45,   225.10
  353.36,   601.71,   350.15
  353.24,   602.67,   475.31
  355.83,   726.52,   223.88
  356.02,   726.74,   349.98
  356.00,   727.71,   475.79
  476.09,   473.48,   226.56
  475.77,   474.17,   351.54
  475.43,   474.81,   476.42
  478.51,   598.94,   225.19
  478.53,   599.24,   350.91
  478.49,   600.17,   476.18
  480.84,   724.20,   223.71
  481.27,   724.33,   350.20
  481.40,   725.39,   476.03
  601.86,   470.81,   227.15
  601.31,   471.41,   352.27
  600.63,   471.87,   477.11
  604.38,   595.80,   225.83
  604.14,   596.54,   351.49
  603.67,   597.23,   476.49
  606.73,   720.92,   224.42
  606.65,   721.91,   350.38
  606.65,   722.93,   475.71
  348.78,   474.36,   348.59
  349.92,   476.25,   473.32
  350.83,   478.50,   598.51
  351.59,   599.37,   346.96
  352.96,   601.45,   472.10
  353.80,   604.08,   596.91
  354.62,   724.38,   345.57
  356.11,   726.47,   471.39
  356.61,   729.47,   596.00
  473.60,   471.44,   348.09
  474.75,   473.24,   472.97
  475.73,   475.05,   597.64
  476.72,   596.50,   346.25
  478.19,   598.55,   471.54
  478.78,   601.02,   595.87
  479.83,   721.57,   344.32
  481.50,   723.73,   470.19
  481.73,   726.95,   594.65
  599.13,   468.28,   347.38
  599.94,   469.90,   472.21
  601.01,   471.58,   596.98
  602.35,   593.39,   345.41
  603.36,   595.22,   470.42
  604.32,   597.20,   594.93
  605.23,   718.70,   343.09
  606.71,   720.88,   468.45
  607.96,   723.18,   592.98
  349.26,   475.74,   472.53
  350.15,   475.10,   597.75
  350.75,   474.24,   723.17
  352.85,   600.95,   474.19
  353.68,   600.68,   598.98
  353.85,   600.24,   723.62
  356.56,   725.98,   476.36
  357.03,   726.14,   600.89
  356.84,   726.35,   724.38
  474.06,   472.19,   472.13
  475.03,   471.11,   596.82
  475.88,   469.87,   721.73
  478.06,   597.50,   473.56
  478.62,   597.06,   597.88
  478.47,   596.71,   722.23
  481.94,   722.71,   475.09
  482.10,   723.08,   599.49
  481.10,   723.71,   723.29
  599.23,   468.32,   471.31
  600.29,   467.11,   596.09
  601.79,   466.09,   721.12
  603.22,   593.62,   472.38
  604.16,   592.71,   596.90
  605.42,   592.24,   721.73
  607.15,   719.29,   473.28
  608.35,   718.69,   597.81
  608.97,   718.19,   722.72
  348.22,   476.49,   598.38
  346.60,   480.23,   723.76
  345.19,   483.47,   849.35
  344.55,   601.96,   595.08
  342.61,   606.12,   719.72
  340.93,   609.88,   845.11
  340.75,   727.18,   592.47
  338.67,   731.80,   716.01
  336.79,   735.38,   840.28
  473.09,   479.79,   599.56
  471.63,   483.19,   724.37
  470.33,   486.76,   849.80
  469.45,   605.76,   596.13
  466.93,   610.15,   720.35
  465.48,   614.51,   845.52
  465.66,   731.54,   593.31
  462.35,   736.84,   716.95
  460.43,   740.95,   841.07
  598.38,   483.05,   600.94
  597.65,   486.70,   725.87
  596.91,   490.40,   850.69
  594.97,   608.76,   597.21
  593.75,   613.03,   721.93
  592.65,   616.90,   847.09
  591.81,   734.74,   593.65
  589.79,   739.10,   718.39
  587.59,   742.74,   843.85
  349.02,   600.38,    97.91
  345.53,   599.76,   223.11
  342.62,   598.34,   348.04
  349.93,   725.53,    98.31
  345.84,   724.83,   223.62
  343.17,   723.39,   349.61
  350.51,   850.52,    99.15
  346.60,   849.43,   224.56
  343.77,   848.28,   350.89
  474.15,   599.87,   100.73
  470.50,   599.34,   225.94
  467.71,   597.92,   351.58
  474.52,   724.98,   101.17
  470.76,   724.62,   226.21
  468.40,   723.01,   352.66
  474.84,   850.18,   102.02
  471.44,   849.49,   227.40
  468.86,   847.87,   353.47
  599.44,   598.98,   104.26
  596.32,   598.29,   229.33
  593.31,   597.31,   354.99
  599.87,   723.75,   104.79
  596.57,   723.50,   229.62
  593.76,   722.68,   355.65
  600.11,   849.54,   105.81
  596.76,   849.45,   230.74
  594.15,   847.95,   356.14
  348.91,   601.31,   223.36
  350.77,   601.82,   348.37
  352.64,   603.00,   473.52
  345.33,   726.32,   221.97
  347.43,   726.83,   348.00
  349.39,   728.02,   473.79
  342.20,   850.86,   220.99
  344.11,   851.67,   347.32
  345.80,   852.67,   472.99
  473.88,   604.83,   221.35
  475.90,   605.34,   347.08
  477.89,   606.50,   472.41
  470.19,   730.07,   219.68
  472.61,   730.40,   346.16
  474.76,   731.64,   472.06
  467.00,   854.85,   219.04
  469.17,   855.18,   345.05
  470.67,   856.08,   470.66
  599.68,   607.65,   219.89
  601.48,   608.64,   345.63
  603.06,   609.60,   470.69
  595.97,   732.86,   218.26
  597.96,   733.99,   344.29
  600.00,   735.25,   469.71
  592.27,   858.83,   217.62
  594.40,   859.19,   342.95
  596.56,   859.99,   468.10
  349.68,   599.62,   349.98
  347.46,   603.06,   475.07
  344.73,   607.02,   599.85
  349.68,   724.64,   347.30
  347.56,   728.08,   473.06
  344.54,   732.32,   597.61
  349.70,   849.49,   344.30
  347.32,   852.74,   469.95
  344.43,   856.48,   594.43
  474.84,   599.85,   352.84
  472.71,   603.30,   478.05
  469.64,   607.19,   602.31
  474.93,   724.92,   349.63
  472.95,   728.46,   475.44
  469.47,   733.09,   599.84
  474.83,   849.77,   346.17
  472.26,   852.91,   471.76
  468.77,   857.02,   596.73
  600.45,   599.87,   355.52
  597.90,   603.10,   480.46
  595.23,   606.53,   604.86
  600.32,   725.23,   351.91
  598.24,   728.76,   477.21
  595.75,   732.57,   601.66
  600.11,   850.51,   348.21
  598.20,   853.60,   473.33
  595.84,   857.58,   598.28
  351.05,   600.37,   475.43
  348.91,   604.48,   600.21
  346.17,   608.43,   724.82
  352.60,   725.39,   473.30
  350.16,   729.82,   597.85
  347.17,   734.31,   721.31
  353.76,   850.02,   470.10
  351.38,   853.95,   594.62
  348.99,   858.29,   718.39
  476.29,   599.14,   477.84
  473.84,   603.13,   602.11
  470.59,   607.30,   726.38
  478.01,   724.32,   475.09
  475.16,   729.06,   599.49
  471.10,   734.12,   723.18
  478.82,   848.79,   471.32
  475.95,   853.09,   596.29
  472.67,   857.85,   720.89
  601.48,   597.45,   479.68
  599.44,   600.99,   604.12
  597.58,   605.02,   728.90
  603.27,   723.12,   476.31
  601.45,   727.00,   600.78
  598.82,   731.03,   725.62
  604.73,   848.04,   472.35
  603.10,   852.13,   597.26
  600.27,   856.07,   722.62
  351.26,   601.94,   598.83
  350.72,   604.60,   723.47
  350.52,   606.88,   848.91
  350.54,   727.34,   597.73
  349.73,   730.57,   721.24
  349.29,   732.68,   845.59
  349.79,   851.53,   595.80
  349.54,   854.64,   719.57
  349.43,   856.82,   844.11
  476.25,   602.50,   598.48
  475.27,   605.33,   722.79
  475.44,   608.15,   848.05
  475.59,   728.47,   597.13
  473.79,   732.23,   720.87
  473.52,   734.78,   845.21
  474.36,   852.55,   595.20
  473.30,   856.07,   719.81
  472.94,   858.80,   844.30
  601.86,   602.28,   598.22
  602.29,   604.97,   723.03
  602.72,   607.22,   848.21
  601.88,   728.34,   596.14
  601.59,   731.01,   721.00
  600.90,   733.01,   846.66
  601.50,   853.48,   593.87
  601.00,   856.16,   719.25
  599.63,   858.09,   844.87
  475.40,   100.78,   101.62
  472.02,   103.53,   226.19
  469.01,   106.82,   351.59
  475.34,   225.69,    98.81
  471.67,   228.22,   223.48
  468.94,   231.54,   348.93
  475.01,   350.87,    96.23
  471.53,   353.48,   221.14
  468.44,   356.56,   346.00
  600.77,   100.98,   105.29
  597.26,   103.76,   229.83
  594.24,   107.41,   354.62
  600.38,   225.84,   102.30
  596.65,   228.77,   226.99
  593.63,   232.21,   351.96
  600.25,   351.34,    99.71
  596.89,   354.14,   224.59
  593.46,   357.01,   349.41
  725.93,   101.44,   109.08
  722.62,   104.28,   233.78
  719.16,   107.41,   357.58
  725.14,   226.35,   106.00
  721.76,   229.63,   230.67
  718.59,   232.81,   354.93
  725.20,   351.85,   103.55
  721.78,   354.71,   228.23
  718.49,   357.20,   352.66
  473.31,    98.32,   222.60
  474.84,   102.16,   347.95
  476.07,   105.60,   473.85
  471.11,   222.97,   219.38
  472.89,   226.77,   344.85
  474.72,   230.74,   470.47
  469.15,   348.19,   216.59
  470.61,   351.76,   341.50
  472.08,   355.29,   466.49
  598.58,   100.23,   221.70
  600.06,   104.34,   346.43
  601.66,   108.16,   471.65
  596.11,   225.18,   218.33
  597.61,   229.15,   343.31
  599.04,   232.85,   468.51
  594.54,   350.55,   215.47
  595.65,   353.94,   340.31
  596.77,   357.20,   465.23
  723.92,   102.48,   221.10
  725.05,   106.03,   344.96
  726.12,   109.64,   468.94
  721.23,   227.72,   217.50
  722.63,   231.50,   341.77
  723.76,   234.48,   466.39
  719.46,   352.87,   214.57
  720.70,   355.88,   339.04
  721.93,   358.89,   463.76
  473.21,    98.97,   351.81
  472.01,   101.48,   477.71
  470.77,   104.39,   603.53
  470.18,   223.56,   349.59
  469.60,   226.58,   475.25
  468.21,   228.77,   600.49
  466.79,   348.54,   347.06
  465.90,   351.16,   472.08
  464.64,   353.21,   597.13
  598.43,   102.31,   352.66
  597.64,   105.19,   477.95
  596.46,   107.81,   603.48
  594.88,   227.11,   350.40
  593.96,   229.91,   475.68
  592.89,   232.26,   601.06
  591.77,   351.87,   348.25
  590.52,   354.24,   473.20
  589.47,   356.30,   598.30
  723.35,   105.15,   353.48
  722.12,   107.86,   477.56
  721.74,   110.34,   602.68
  719.84,   230.58,   351.19
  718.53,   232.66,   475.89
  717.20,   235.06,   601.27
  716.81,   354.95,   349.32
  715.63,   357.08,   474.11
  714.57,   359.39,   599.41
  473.51,    98.69,   474.20
  475.85,   100.47,   600.04
  478.04,   101.43,   725.16
  475.66,   223.84,   472.92
  477.91,   224.95,   598.18
  479.47,   225.87,   723.31
  476.53,   348.47,   470.93
  478.88,   349.37,   595.99
  481.19,   350.24,   721.16
  599.16,    97.74,   470.89
  601.63,    99.18,   596.38
  603.59,   100.59,   721.61
  600.01,   222.52,   469.79
  602.51,   223.81,   595.15
  604.76,   224.52,   720.48
  601.17,   346.91,   468.49
  603.70,   347.87,   593.62
  606.37,   348.66,   718.86
  723.71,    95.69,   467.10
  727.04,    97.07,   591.98
  729.75,    98.04,   717.14
  724.67,   220.71,   466.45
  726.93,   221.92,   591.74
  729.18,   223.46,   717.48
  726.33,   345.16,   465.85
  728.82,   346.35,   591.13
  731.24,   347.42,   716.56
  472.76,    99.66,   602.18
  470.89,    99.99,   727.31
  468.87,    99.73,   851.67
  472.06,   224.11,   600.91
  469.51,   224.51,   726.07
  467.66,   225.76,   850.48
  470.31,   348.58,   599.29
  468.51,   348.92,   724.51
  466.84,   349.21,   849.42
  598.54,   101.20,   602.61
  596.41,   101.99,   727.89
  594.29,   101.96,   852.39
  596.74,   225.78,   601.96
  594.89,   225.86,   727.29
  592.71,   225.86,   851.91
  595.16,   349.84,   600.96
  593.77,   350.04,   726.19
  592.28,   350.31,   851.03
  723.99,   101.88,   602.27
  722.40,   102.32,   727.50
  719.19,   102.24,   852.04
  721.10,   226.73,   602.64
  719.33,   227.61,   728.40
  717.31,   227.79,   853.80
  720.26,   351.11,   602.56
  718.70,   351.55,   727.96
  717.36,   352.06,   852.71
  473.82,   223.98,    98.35
  470.71,   223.02,   223.04
  468.54,   222.86,   348.56
  474.60,   349.17,    99.27
  471.69,   348.30,   224.20
  469.20,   347.93,   349.13
  475.23,   474.49,    99.74
  472.34,   473.82,   224.92
  469.71,   473.01,   349.85
  598.88,   222.91,   101.27
  595.69,   222.35,   225.99
  593.26,   222.36,   351.01
  599.85,   348.42,   102.18
  597.04,   347.74,   227.09
  594.17,   347.17,   351.94
  600.56,   473.81,   102.71
  598.09,   473.11,   227.77
  595.24,   472.23,   352.87
  723.66,   222.20,   104.40
  720.84,   222.00,   229.12
  718.22,   221.76,   353.39
  724.79,   347.74,   105.45
  721.92,   347.13,   230.15
  719.22,   346.19,   354.61
  726.01,   472.88,   106.06
  723.55,   472.19,   231.00
  720.36,   470.94,   355.54
  475.87,   225.48,   224.86
  477.79,   227.64,   350.37
  479.71,   229.90,   476.01
  476.38,   350.76,   223.72
  477.95,   352.67,   348.66
  479.52,   354.48,   473.69
  476.56,   476.28,   222.11
  478.02,   477.76,   347.10
  479.48,   479.20,   471.99
  600.88,   225.28,   223.74
  602.49,   227.56,   348.73
  604.02,   229.54,   473.95
  601.77,   350.68,   222.54
  602.99,   352.36,   347.40
  604.22,   353.92,   472.34
  602.35,   476.04,   220.89
  603.62,   477.43,   346.02
  604.72,   478.68,   470.86
  726.04,   225.38,   222.83
  727.56,   227.44,   347.10
  728.80,   228.72,   471.74
  726.65,   350.53,   221.56
  728.05,   351.84,   346.03
  729.44,   353.19,   470.80
  727.84,   475.59,   220.07
  728.76,   476.63,   344.64
  729.78,   477.89,   469.32
  475.94,   226.69,   348.16
  476.10,   230.53,   473.78
  475.46,   233.51,   599.00
  473.31,   351.67,   344.88
  473.12,   355.07,   469.88
  472.61,   357.91,   594.89
  470.57,   476.72,   341.72
  470.25,   479.74,   466.58
  469.75,   482.81,   591.22
  600.65,   229.46,   348.25
  600.41,   233.01,   473.46
  600.07,   236.17,   598.83
  598.35,   354.21,   345.34
  597.80,   357.35,   470.26
  597.47,   360.21,   595.34
  596.15,   479.25,   342.38
  595.49,   482.09,   467.22
  595.04,   484.99,   591.89
  725.68,   232.15,   348.33
  725.14,   235.00,   473.00
  724.49,   238.16,   598.34
  723.40,   356.50,   345.70
  722.97,   359.42,   470.45
  722.65,   362.54,   595.74
  721.34,   481.29,   342.72
  720.55,   484.11,   467.38
  720.56,   487.37,   592.69
  477.32,   225.72,   475.09
  476.51,   226.08,   600.38
  475.00,   226.30,   725.55
  474.90,   350.33,   473.84
  474.22,   350.51,   598.92
  473.46,   350.69,   724.14
  472.54,   475.01,   473.16
  471.87,   475.39,   597.84
  471.03,   475.61,   722.74
  601.65,   227.68,   474.97
  601.13,   228.22,   600.39
  600.34,   228.17,   725.74
  599.56,   352.06,   474.42
  599.06,   352.28,   599.58
  598.71,   352.35,   724.82
  597.77,   476.80,   474.01
  597.18,   477.05,   598.76
  597.01,   477.51,   723.76
  726.37,   229.12,   474.70
  725.55,   229.66,   600.07
  724.77,   230.43,   725.84
  724.74,   353.59,   474.83
  724.21,   354.07,   600.16
  723.66,   354.38,   725.57
  722.84,   478.30,   474.43
  722.72,   478.93,   599.81
  723.04,   479.49,   724.76
  476.64,   223.73,   602.94
  475.82,   221.64,   728.09
  475.66,   220.35,   852.49
  476.02,   348.16,   603.82
  475.96,   346.02,   729.05
  476.01,   343.85,   853.91
  475.31,   473.02,   605.05
  475.21,   470.87,   729.99
  475.26,   468.84,   855.42
  601.31,   224.25,   602.26
  601.19,   221.89,   727.59
  600.67,   219.38,   852.23
  600.88,   348.29,   603.79
  601.20,   346.03,   729.04
  601.41,   343.84,   853.86
  600.67,   473.04,   605.30
  601.24,   471.14,   730.33
  601.77,   469.29,   855.14
  725.73,   224.04,   601.21
  725.65,   222.51,   726.96
  725.29,   220.29,   852.39
  726.02,   348.43,   603.66
  726.09,   346.43,   729.08
  726.43,   344.49,   853.89
  726.24,   473.30,   605.70
  727.18,   471.48,   730.59
  727.39,   469.46,   854.73
  474.46,   351.13,    99.23
  473.21,   351.11,   224.20
  472.37,   351.57,   349.15
  477.52,   476.42,    98.85
  476.29,   476.60,   224.07
  475.32,   476.64,   349.05
  480.64,   601.47,    98.13
  479.14,   602.05,   223.33
  478.52,   601.70,   349.07
  599.70,   347.97,   100.49
  598.55,   348.14,   225.43
  597.34,   348.41,   350.31
  602.83,   473.32,   100.19
  602.04,   473.47,   225.28
  600.86,   473.43,   350.41
  605.92,   598.06,    99.58
  605.01,   598.45,   224.62
  604.13,   598.55,   350.29
  724.62,   344.86,   102.10
  723.39,   345.12,   226.85
  722.36,   345.03,   351.33
  728.25,   469.97,   101.92
  727.45,   470.15,   226.88
  725.94,   469.73,   351.43
  731.66,   594.13,   101.27
  731.13,   594.72,   226.47
  729.46,   595.07,   350.97
  473.80,   349.84,   225.45
  475.06,   352.44,   350.39
  476.33,   354.93,   475.41
  474.80,   475.34,   223.16
  475.95,   477.51,   348.13
  477.10,   479.63,   473.01
  475.58,   600.83,   220.27
  477.07,   602.60,   345.96
  478.55,   604.99,   471.28
  599.18,   348.92,   224.59
  600.09,   351.31,   349.45
  601.02,   353.56,   474.39
  600.58,   474.27,   222.26
  601.55,   476.36,   347.39
  602.34,   478.29,   472.22
  601.45,   599.28,   219.40
  602.72,   601.50,   345.08
  603.75,   603.69,   470.11
  724.06,   347.95,   223.93
  725.15,   349.96,   348.40
  726.22,   351.99,   473.18
  726.07,   473.00,   221.77
  726.68,   474.72,   346.33
  727.41,   476.67,   471.02
  727.65,   597.55,   219.17
  728.14,   600.08,   343.70
  728.88,   602.20,   468.42
  475.96,   349.04,   349.63
  473.45,   345.72,   474.62
  470.58,   341.82,   599.67
  477.84,   474.07,   353.28
  475.13,   470.32,   478.07
  472.28,   466.58,   602.68
  479.98,   599.09,   357.10
  477.54,   595.65,   482.21
  474.20,   592.52,   606.41
  600.92,   346.88,   352.42
  598.04,   343.32,   477.32
  595.37,   339.48,   602.44
  603.35,   471.85,   356.28
  600.30,   467.93,   481.03
  597.55,   464.09,   605.74
  605.55,   596.96,   359.94
  602.69,   593.24,   484.82
  599.79,   589.71,   609.25
  725.95,   344.50,   355.08
  723.16,   340.71,   479.82
  720.36,   337.09,   605.07
  728.39,   469.13,   358.92
  725.36,   465.30,   483.63
  723.06,   461.86,   608.95
  730.81,   594.48,   362.19
  727.80,   590.65,   487.01
  725.86,   586.78,   612.36
  475.42,   349.06,   474.61
  478.95,   346.24,   599.64
  482.41,   343.40,   724.81
  474.51,   473.72,   476.95
  478.05,   471.06,   601.57
  481.50,   468.22,   726.44
  474.30,   599.09,   479.99
  477.38,   597.08,   604.21
  479.82,   595.14,   728.54
  600.04,   349.41,   471.00
  603.73,   346.64,   596.09
  607.55,   343.71,   721.30
  599.70,   474.12,   473.61
  603.33,   471.35,   598.32
  607.45,   468.77,   723.30
  599.47,   599.50,   476.31
  602.98,   597.02,   600.73
  606.83,   594.97,   725.52
  725.18,   349.56,   467.21
  728.83,   347.03,   592.42
  732.39,   344.39,   717.80
  724.74,   474.24,   469.86
  728.79,   471.86,   595.18
  733.24,   469.40,   720.09
  724.56,   599.74,   472.09
  728.94,   596.87,   597.45
  733.91,   594.00,   722.37
  474.27,   350.36,   598.41
  474.50,   353.28,   723.56
  474.83,   356.11,   848.45
  470.39,   475.17,   594.59
  470.50,   478.18,   719.42
  470.74,   481.30,   844.85
  466.81,   601.09,   591.57
  465.87,   605.05,   715.81
  465.90,   609.05,   841.00
  599.09,   353.65,   598.00
  599.72,   356.47,   723.19
  600.29,   359.38,   848.01
  595.65,   478.36,   594.44
  596.44,   481.60,   719.39
  597.28,   484.90,   844.26
  592.28,   604.04,   591.14
  592.60,   607.90,   715.85
  593.11,   611.44,   841.00
  724.21,   356.96,   597.53
  724.68,   360.03,   722.89
  725.35,   363.12,   847.53
  721.14,   481.75,   594.42
  722.48,   485.09,   719.36
  723.07,   488.17,   843.53
  718.22,   606.77,   590.88
  719.99,   609.65,   715.88
  719.59,   612.61,   841.28
  476.82,   476.47,   101.18
  478.20,   479.90,   226.33
  479.85,   483.17,   351.30
  479.78,   601.46,    97.16
  480.87,   605.31,   222.29
  482.88,   608.20,   348.01
  482.58,   726.37,    93.37
  483.46,   730.52,   218.15
  485.84,   733.25,   344.59
  602.13,   473.51,    99.99
  603.97,   476.90,   225.03
  605.41,   480.08,   350.12
  605.04,   598.19,    96.11
  606.74,   601.82,   221.04
  608.48,   605.18,   346.66
  607.84,   722.76,    92.48
  609.35,   726.90,   216.99
  611.21,   730.52,   342.86
  727.53,   470.29,    99.20
  729.39,   473.71,   224.11
  730.48,   476.52,   348.61
  730.69,   594.43,    95.29
  732.89,   598.19,   220.40
  733.84,   601.84,   344.83
  733.73,   718.61,    91.59
  735.75,   722.89,   216.54
  736.72,   727.44,   340.91
  475.69,   477.20,   226.73
  473.42,   475.13,   351.67
  471.14,   473.03,   476.50
  474.16,   602.66,   228.07
  472.25,   600.21,   353.75
  470.25,   598.40,   478.96
  472.57,   727.91,   229.36
  471.09,   725.27,   355.84
  469.22,   723.64,   481.60
  601.46,   478.41,   229.25
  598.97,   476.27,   354.35
  596.35,   473.99,   479.15
  600.01,   603.42,   230.63
  597.85,   601.42,   356.30
  595.45,   599.39,   481.27
  598.39,   728.65,   231.94
  596.45,   726.80,   357.95
  594.52,   725.09,   483.25
  726.94,   479.40,   232.15
  724.08,   476.90,   356.67
  721.42,   474.68,   481.41
  726.15,   604.02,   233.75
  723.19,   602.31,   358.24
  720.58,   600.16,   483.07
  724.65,   729.05,   235.17
  721.83,   728.05,   359.71
  719.73,   726.12,   484.81
  476.22,   476.53,   350.33
  478.09,   474.08,   475.19
  479.79,   471.63,   599.84
  476.67,   601.60,   352.77
  478.83,   599.46,   477.99
  480.08,   597.65,   602.26
  477.12,   726.68,   355.18
  479.42,   724.71,   480.93
  480.23,   723.76,   605.24
  601.81,   476.12,   348.83
  603.32,   473.49,   473.64
  605.12,   470.93,   598.40
  602.29,   601.26,   351.11
  604.03,   598.87,   476.09
  605.72,   596.60,   600.58
  602.48,   726.65,   353.09
  604.70,   724.59,   478.38
  606.61,   722.66,   602.87
  726.94,   475.23,   347.02
  728.39,   472.62,   471.71
  730.62,   470.47,   597.08
  727.67,   600.60,   348.94
  729.16,   598.11,   473.69
  731.73,   595.46,   599.12
  727.93,   726.29,   350.73
  729.89,   724.07,   475.75
  733.20,   720.71,   601.05
  474.15,   473.88,   476.39
  471.45,   476.57,   601.01
  468.55,   479.12,   725.85
  475.48,   599.22,   474.14
  472.36,   602.59,   598.43
  468.42,   606.11,   722.69
  476.67,   724.41,   472.01
  473.16,   728.52,   596.44
  468.40,   732.96,   720.12
  599.35,   472.71,   479.28
  596.76,   475.28,   603.98
  594.56,   478.06,   728.93
  600.67,   598.09,   476.67
  597.92,   601.00,   601.11
  595.31,   604.42,   725.86
  601.92,   723.77,   473.91
  599.38,   727.04,   598.39
  596.02,   730.50,   723.20
  724.42,   471.29,   481.79
  722.31,   474.24,   607.12
  720.59,   477.08,   731.95
  725.78,   596.74,   478.71
  723.99,   599.23,   604.06
  722.69,   601.73,   728.97
  727.10,   722.70,   475.69
  725.98,   724.56,   600.92
  724.60,   725.62,   726.16
  473.86,   476.11,   599.49
  474.40,   472.65,   724.37
  475.09,   469.26,   849.79
  476.46,   602.11,   602.78
  475.98,   599.55,   727.10
  476.73,   596.92,   852.42
  478.90,   728.14,   606.61
  477.58,   726.55,   730.34
  478.10,   723.61,   854.88
  599.16,   473.06,   599.01
  600.37,   469.84,   724.01
  601.56,   466.64,   848.85
  602.07,   598.71,   602.05
  602.99,   596.04,   726.86
  603.93,   592.91,   851.96
  605.29,   724.72,   605.19
  605.48,   722.02,   730.10
  605.35,   718.63,   855.78
  724.66,   470.26,   598.67
  726.23,   467.14,   723.61
  727.15,   463.78,   847.71
  728.09,   595.21,   601.56
  730.14,   591.77,   726.49
  729.97,   588.52,   851.74
  731.91,   720.38,   604.34
  733.91,   715.32,   729.62
  731.77,   711.52,   856.37
  475.10,   601.74,    97.41
  471.77,   603.76,   222.58
  469.34,   604.79,   348.26
  473.89,   726.78,    95.41
  470.35,   729.03,   220.31
  468.33,   729.87,   346.77
  472.59,   851.95,    93.73
  469.41,   853.87,   219.05
  467.15,   854.70,   345.06
  600.37,   602.56,   100.60
  597.59,   604.38,   225.59
  594.94,   605.88,   351.29
  599.14,   727.30,    98.70
  596.17,   729.60,   223.36
  593.71,   731.25,   349.38
  597.77,   853.01,    97.19
  594.72,   855.58,   222.07
  592.43,   856.48,   347.40
  726.15,   602.79,   104.04
  723.75,   604.82,   229.21
  720.32,   606.66,   353.72
  725.18,   727.12,   102.16
  722.46,   729.80,   227.14
  719.13,   732.38,   351.71
  723.59,   853.23,   100.39
  720.45,   856.61,   225.31
  717.55,   858.47,   350.37
  473.17,   600.45,   222.48
  473.49,   600.19,   348.19
  473.77,   600.56,   473.49
  471.40,   725.73,   221.55
  472.14,   725.28,   348.03
  472.59,   725.77,   473.91
  470.08,   850.59,   221.58
  470.61,   850.14,   347.66
  470.46,   850.28,   473.34
  599.03,   601.39,   222.75
  599.13,   601.59,   348.47
  598.99,   601.75,   473.52
  597.25,   726.61,   221.85
  597.54,   726.96,   347.90
  597.87,   727.45,   473.30
  595.43,   852.59,   221.85
  595.90,   852.25,   347.26
  596.39,   852.33,   472.47
  725.22,   602.14,   223.65
  724.54,   602.66,   348.21
  724.13,   602.74,   473.00
  723.60,   727.07,   222.91
  723.01,   728.36,   347.49
  723.05,   728.73,   472.55
  721.23,   853.89,   222.38
  721.07,   854.54,   347.46
  721.51,   853.92,   472.49
  473.77,   600.44,   350.89
  477.69,   601.37,   476.13
  480.69,   602.69,   600.39
  476.62,   725.52,   350.11
  480.70,   726.58,   475.89
  483.32,   728.69,   600.25
  479.27,   850.37,   349.06
  482.79,   851.08,   474.61
  485.42,   852.82,   599.57
  599.33,   597.63,   347.54
  602.82,   598.32,   472.52
  606.25,   599.13,   596.98
  601.93,   722.97,   346.34
  605.89,   724.00,   471.65
  609.61,   725.13,   596.13
  604.46,   848.33,   345.07
  608.65,   848.95,   470.21
  612.64,   850.38,   595.10
  724.68,   594.48,   343.72
  727.86,   595.08,   468.40
  732.14,   595.53,   593.79
  727.38,   720.09,   342.34
  730.98,   721.04,   467.27
  735.96,   720.83,   592.57
  729.65,   846.37,   341.61
  733.56,   846.31,   466.62
  738.69,   846.55,   591.49
  476.10,   601.28,   474.73
  475.23,   598.54,   599.00
  473.66,   595.84,   723.31
  480.00,   726.45,   478.62
  478.69,   724.53,   602.96
  476.27,   722.84,   726.68
  482.97,   850.90,   481.48
  481.66,   848.70,   606.47
  479.75,   846.96,   730.95
  601.26,   597.36,   474.88
  600.77,   594.14,   599.34
  600.55,   591.36,   724.13
  605.24,   722.99,   478.13
  604.97,   720.11,   602.61
  604.05,   717.36,   727.49
  608.93,   847.91,   480.83
  608.94,   845.35,   605.75
  607.66,   842.45,   731.13
  726.32,   593.22,   474.55
  726.71,   589.66,   599.94
  727.64,   586.19,   724.86
  730.40,   719.09,   477.55
  731.53,   714.78,   602.85
  732.43,   709.72,   728.11
  733.93,   844.26,   481.00
  735.35,   840.54,   605.85
  736.13,   836.38,   731.00
  474.75,   599.09,   601.61
  472.19,   602.32,   725.93
  470.78,   605.52,   851.21
  475.30,   725.09,   599.84
  471.89,   729.25,   723.57
  470.08,   732.17,   847.93
  475.30,   849.23,   597.56
  472.57,   853.17,   722.10
  470.63,   856.27,   846.53
  600.36,   597.71,   602.99
  599.17,   600.83,   727.79
  597.99,   603.50,   852.94
  601.58,   723.76,   600.50
  599.63,   726.90,   725.36
  597.38,   729.35,   850.97
  602.47,   848.96,   597.85
  600.27,   852.01,   723.22
  597.27,   854.38,   848.78
  726.44,   596.18,   604.62
  726.49,   598.41,   729.55
  724.09,   600.78,   854.98
  728.20,   721.47,   601.72
  728.19,   722.22,   726.99
  724.03,   724.01,   853.73
  728.90,   847.33,   598.92
  728.68,   849.52,   723.99
  724.36,   851.33,   850.19
  598.28,   101.29,   100.19
  596.83,   104.48,   224.76
  595.88,   108.61,   349.55
  601.39,   226.11,    96.77
  599.70,   229.46,   221.49
  598.73,   233.38,   346.45
  604.68,   351.53,    93.73
  603.43,   354.81,   218.65
  602.07,   358.14,   343.48
  723.47,    98.23,   101.96
  722.19,   101.52,   226.76
  720.85,   105.08,   350.60
  726.13,   223.07,    98.43
  724.80,   226.79,   223.20
  723.74,   230.50,   347.45
  729.61,   348.50,    95.57
  728.25,   351.87,   220.31
  727.08,   354.84,   344.75
  848.60,    95.08,   103.38
  847.44,    98.87,   228.11
  846.03,   101.60,   352.06
  851.15,   220.77,    99.92
  850.13,   224.37,   224.51
  849.76,   227.27,   348.84
  853.94,   345.81,    97.01
  852.36,   349.03,   221.53
  851.90,   351.57,   346.14
  598.39,   100.85,   224.06
  601.78,   102.83,   348.81
  605.27,   104.50,   473.98
  598.66,   225.88,   222.81
  602.04,   227.71,   347.78
  605.33,   229.25,   472.96
  599.82,   351.29,   222.05
  602.81,   352.52,   346.88
  605.81,   353.63,   471.79
  723.72,   100.38,   221.66
  726.77,   101.73,   345.53
  729.73,   103.19,   469.46
  723.77,   225.68,   220.14
  727.07,   227.32,   344.39
  730.11,   228.16,   468.99
  724.68,   350.86,   219.31
  727.83,   351.73,   343.75
  731.00,   352.62,   468.49
  848.98,   100.24,   218.59
  851.95,   100.87,   342.63
  854.98,   101.88,   466.68
  849.08,   225.80,   217.08
  853.03,   226.57,   341.40
  857.52,   227.45,   466.14
  848.81,   350.54,   216.16
  852.63,   350.97,   340.74
  856.59,   351.96,   465.64
  599.28,    98.73,   347.76
  597.37,    99.61,   473.01
  595.08,   100.18,   598.58
  598.34,   223.63,   347.54
  596.30,   224.41,   472.81
  594.13,   224.80,   598.22
  597.88,   348.45,   347.43
  595.50,   348.80,   472.39
  593.33,   348.87,   597.53
  724.28,    98.87,   349.85
  721.93,    99.59,   473.87
  720.53,   100.07,   598.89
  723.36,   224.47,   349.51
  720.91,   224.53,   474.17
  718.45,   224.93,   599.55
  722.93,   348.90,   349.68
  720.65,   349.01,   474.47
  718.41,   349.30,   599.77
  849.41,    99.20,   352.28
  847.02,    99.47,   476.29
  846.04,   100.12,   601.14
  849.45,   224.96,   351.90
  848.35,   225.04,   476.61
  845.65,   225.17,   601.52
  847.86,   349.32,   352.06
  846.35,   349.57,   476.95
  843.96,   350.20,   602.04
  601.84,   100.50,   475.42
  600.42,    98.45,   600.94
  598.48,    96.39,   726.20
  603.39,   225.24,   477.85
  602.06,   223.04,   603.26
  600.41,   220.24,   728.58
  605.30,   349.57,   480.10
  603.99,   347.05,   605.26
  602.78,   344.34,   730.50
  726.39,    97.72,   475.39
  725.95,    95.60,   600.34
  724.70,    93.07,   725.44
  728.10,   222.65,   478.33
  726.46,   220.46,   603.68
  724.86,   218.49,   729.42
  730.51,   347.10,   481.29
  729.09,   344.82,   606.61
  727.60,   342.39,   732.03
  851.39,    94.90,   477.03
  851.24,    93.01,   601.85
  850.70,    90.13,   726.99
  855.67,   220.46,   479.95
  853.87,   218.01,   604.83
  850.64,   216.21,   730.38
  856.27,   345.01,   482.94
  854.66,   343.06,   607.95
  852.29,   340.85,   732.90
  602.48,   100.64,   598.97
  602.10,   100.03,   724.25
  601.74,    98.61,   848.73
  599.47,   225.24,   599.84
  599.37,   223.90,   725.18
  598.89,   222.43,   849.84
  596.73,   349.28,   600.33
  597.07,   348.04,   725.58
  597.31,   346.87,   850.43
  727.85,   102.48,   596.96
  728.16,   101.44,   722.17
  726.69,    99.90,   846.68
  723.85,   227.31,   598.80
  723.80,   226.79,   724.56
  723.50,   225.62,   850.02
  721.84,   351.70,   600.21
  721.99,   350.71,   725.63
  722.34,   349.78,   850.42
  853.46,   104.55,   597.05
  854.16,   103.05,   722.33
  852.91,   101.95,   847.40
  851.17,   229.58,   598.48
  849.51,   229.28,   724.02
  849.41,   229.27,   850.12
  847.35,   354.59,   600.12
  846.67,   353.79,   725.08
  846.82,   352.84,   849.74
  601.02,   224.97,    99.08
  598.99,   222.82,   223.79
  597.71,   221.27,   348.79
  603.16,   350.44,   101.56
  601.52,   348.19,   226.47
  599.82,   346.04,   351.31
  605.05,   475.79,   103.66
  603.78,   473.52,   228.73
  602.09,   471.06,   353.82
  725.79,   223.06,   100.98
  724.14,   221.27,   225.74
  722.71,   219.48,   349.98
  728.10,   348.56,   103.62
  726.37,   346.38,   228.33
  724.87,   343.88,   352.77
  730.51,   473.64,   105.81
  729.20,   471.40,   230.76
  727.18,   468.56,   355.27
  850.83,   221.91,   102.70
  849.53,   219.95,   227.29
  848.83,   217.36,   351.61
  852.40,   347.01,   105.29
  850.59,   344.63,   229.79
  849.87,   341.70,   354.39
  854.89,   471.25,   107.53
  852.91,   469.38,   232.40
  851.64,   466.51,   357.03
  598.36,   226.35,   223.11
  601.26,   226.49,   348.09
  604.08,   226.34,   473.30
  601.04,   351.75,   224.02
  603.53,   351.29,   348.86
  606.05,   350.71,   473.79
  603.40,   477.10,   224.48
  605.96,   476.33,   349.60
  608.33,   475.43,   474.41
  723.47,   224.67,   220.91
  726.28,   224.62,   345.16
  728.81,   223.77,   469.76
  725.88,   349.84,   221.73
  728.55,   349.02,   346.18
  731.24,   348.22,   470.94
  728.84,   474.89,   222.36
  731.03,   473.76,   346.90
  733.36,   472.89,   471.59
  848.79,   223.31,   218.32
  852.26,   222.40,   342.64
  856.26,   221.58,   467.36
  850.01,   348.04,   219.04
  853.39,   346.78,   343.64
  856.91,   346.10,   468.55
  852.54,   472.78,   219.84
  855.38,   471.68,   344.52
  858.43,   470.95,   469.43
  598.34,   224.33,   349.25
  596.20,   224.59,   474.53
  593.92,   224.44,   599.93
  600.01,   349.14,   349.71
  597.53,   348.96,   474.66
  595.26,   348.50,   599.80
  601.83,   474.19,   350.14
  599.20,   473.68,   474.97
  596.83,   473.24,   599.71
  723.34,   223.02,   351.30
  720.78,   222.56,   475.97
  718.23,   222.45,   601.35
  725.05,   347.43,   352.04
  722.67,   347.03,   476.83
  720.33,   346.80,   602.14
  726.92,   472.18,   352.46
  724.26,   471.71,   477.19
  722.36,   471.66,   602.55
  849.46,   221.36,   353.79
  848.25,   220.92,   478.48
  845.44,   220.52,   603.40
  850.00,   345.73,   354.51
  848.42,   345.46,   479.41
  845.89,   345.56,   604.48
  851.36,   470.60,   355.07
  849.36,   470.28,   479.99
  847.19,   470.47,   605.21
  601.62,   224.50,   477.01
  605.18,   223.48,   602.35
  608.48,   221.88,   727.64
  598.08,   348.84,   478.13
  601.69,   347.49,   603.25
  605.42,   345.97,   728.47
  594.83,   473.52,   479.38
  598.37,   472.19,   604.09
  602.38,   471.05,   729.10
  726.25,   227.41,   472.65
  729.57,   226.35,   597.92
  732.85,   225.60,   723.63
  723.17,   351.84,   474.47
  726.75,   350.74,   599.73
  730.25,   349.50,   725.11
  719.84,   476.51,   475.76
  723.83,   475.56,   601.09
  728.22,   474.53,   725.99
  853.59,   230.73,   469.42
  856.97,   229.48,   594.29
  858.74,   228.82,   719.68
  848.71,   355.18,   471.23
  852.20,   354.47,   596.28
  854.87,   353.45,   721.13
  844.87,   479.99,   472.66
  848.60,   479.29,   597.91
  851.78,   478.35,   722.21
  602.02,   225.19,   599.33
  602.09,   224.87,   724.69
  601.78,   224.38,   849.37
  604.97,   349.21,   598.82
  605.48,   348.99,   724.08
  605.91,   348.85,   848.94
  608.16,   473.93,   598.32
  608.94,   474.11,   723.35
  609.69,   474.31,   848.17
  726.42,   221.60,   598.09
  726.51,   222.12,   723.86
  726.35,   221.97,   849.35
  730.08,   345.98,   598.50
  730.32,   346.04,   723.95
  730.83,   346.11,   848.79
  733.65,   470.81,   598.52
  734.76,   471.05,   723.46
  735.17,   471.07,   847.59
  853.89,   218.17,   597.60
  852.38,   218.81,   723.13
  852.30,   219.84,   849.25
  855.68,   343.22,   598.21
  855.02,   343.51,   723.17
  855.29,   343.62,   847.93
  858.35,   468.11,   598.51
  858.20,   468.43,   722.83
  858.16,   469.22,   847.20
  598.95,   350.20,   100.20
  602.47,   349.18,   225.11
  605.90,   348.24,   349.92
  600.09,   475.57,   101.01
  603.98,   474.53,   226.07
  607.46,   473.29,   351.15
  601.20,   600.36,   101.49
  604.96,   599.54,   226.53
  608.75,   598.45,   352.14
  723.89,   349.09,    97.15
  727.29,   348.16,   221.88
  730.91,   346.87,   346.30
  725.48,   474.21,    98.08
  729.39,   473.22,   223.01
  732.51,   471.60,   347.52
  726.87,   598.41,    98.54
  731.07,   597.79,   223.71
  734.06,   596.98,   348.15
  848.28,   348.24,    93.76
  851.41,   347.25,   218.25
  855.74,   345.51,   342.83
  850.07,   472.50,    94.77
  853.07,   472.00,   219.54
  856.85,   470.42,   344.20
  852.25,   596.53,    95.46
  855.51,   596.68,   220.36
  858.75,   595.87,   344.82
  598.21,   349.29,   226.35
  598.25,   353.08,   351.19
  598.30,   356.73,   476.10
  599.28,   474.61,   222.62
  599.36,   478.11,   347.72
  599.28,   481.45,   472.53
  599.80,   599.59,   218.35
  600.19,   603.22,   344.01
  600.37,   606.84,   469.04
  723.12,   348.66,   226.56
  723.32,   352.07,   351.01
  723.49,   355.51,   475.78
  724.79,   473.69,   223.01
  724.52,   476.82,   347.54
  724.36,   480.18,   472.20
  726.01,   598.20,   219.01
  725.63,   602.15,   343.53
  725.50,   605.70,   468.22
  847.33,   348.10,   226.39
  848.24,   351.07,   350.98
  849.14,   354.64,   475.86
  848.60,   472.83,   223.03
  848.96,   475.95,   347.62
  849.48,   479.45,   472.48
  850.64,   597.44,   219.18
  850.43,   601.37,   343.52
  850.80,   604.85,   468.37
  600.61,   351.81,   349.65
  597.44,   348.31,   474.54
  594.49,   344.55,   599.63
  601.46,   476.82,   353.39
  598.14,   472.98,   478.14
  595.10,   469.22,   602.82
  602.07,   601.94,   356.93
  598.97,   598.34,   481.83
  595.76,   594.91,   606.23
  725.64,   350.96,   352.65
  722.58,   347.26,   477.37
  719.53,   343.72,   602.61
  726.54,   475.67,   356.35
  723.20,   471.90,   481.04
  720.63,   468.53,   606.34
  727.37,   601.05,   359.50
  724.09,   597.32,   484.30
  721.85,   593.50,   609.62
  850.57,   350.13,   355.80
  848.31,   346.57,   480.62
  845.12,   343.34,   605.61
  851.02,   474.98,   359.63
  848.31,   471.35,   484.50
  845.46,   468.22,   609.66
  852.20,   600.44,   362.69
  849.39,   596.66,   487.68
  846.72,   592.66,   612.94
  601.12,   350.91,   473.10
  601.35,   351.68,   598.26
  601.72,   352.29,   723.51
  604.27,   475.61,   472.15
  604.42,   476.41,   596.93
  605.02,   477.43,   721.94
  607.51,   600.98,   471.26
  607.56,   602.06,   595.80
  607.89,   603.61,   720.63
  726.29,   347.54,   472.80
  726.46,   348.55,   598.12
  726.60,   349.42,   723.56
  729.31,   472.18,   471.89
  729.91,   473.38,   597.29
  730.91,   474.47,   722.24
  732.61,   597.66,   470.53
  733.53,   598.35,   595.99
  735.03,   598.99,   720.98
  852.01,   344.52,   472.93
  852.04,   345.88,   598.00
  851.28,   346.98,   722.98
  854.39,   469.33,   472.25
  854.67,   470.76,   597.47
  854.45,   471.91,   721.81
  857.85,   594.69,   470.87
  858.21,   595.30,   596.16
  858.42,   596.10,   720.78
  598.44,   349.79,   598.68
  600.71,   346.37,   723.90
  602.86,   343.01,   848.72
  598.82,   474.51,   601.36
  601.34,   471.45,   726.35
  603.84,   468.42,   851.15
  599.24,   600.22,   604.24
  601.45,   597.73,   729.04
  603.69,   594.71,   854.15
  723.56,   349.37,   596.59
  725.59,   346.22,   721.98
  727.81,   343.11,   846.82
  724.34,   474.20,   599.78
  727.24,   471.24,   724.69
  729.43,   468.04,   848.79
  725.31,   599.19,   602.51
  728.68,   595.87,   727.44
  729.73,   592.77,   852.75
  849.15,   349.40,   594.54
  850.35,   346.48,   719.46
  852.32,   343.41,   844.17
  849.18,   474.27,   598.02
  850.91,   471.38,   722.34
  852.57,   468.92,   846.61
  850.16,   598.77,   600.73
  852.32,   595.53,   725.33
  853.91,   593.75,   851.43
  601.34,   474.09,   101.40
  601.95,   476.19,   226.48
  602.17,   478.08,   351.60
  603.36,   598.84,    98.81
  603.82,   601.17,   223.82
  604.35,   603.22,   349.49
  605.26,   723.50,    96.44
  605.54,   726.32,   221.09
  606.21,   728.60,   347.04
  726.79,   471.80,   101.76
  727.41,   473.92,   226.72
  727.28,   475.45,   351.26
  729.08,   595.97,    99.15
  729.99,   598.48,   224.32
  729.73,   600.82,   348.81
  731.26,   720.19,    96.75
  731.92,   723.29,   221.77
  731.71,   726.48,   346.22
  851.30,   469.22,   101.73
  851.16,   471.75,   226.58
  851.71,   473.26,   351.22
  854.45,   593.20,    99.33
  854.48,   596.43,   224.29
  854.50,   598.72,   348.72
  857.23,   717.67,    96.87
  857.68,   721.23,   221.60
  857.40,   724.10,   345.72
  598.96,   473.77,   225.51
  601.21,   476.35,   350.60
  603.31,   478.78,   475.40
  597.29,   598.79,   222.18
  599.87,   601.49,   347.84
  602.21,   604.19,   472.83
  595.47,   723.95,   218.75
  598.22,   726.84,   344.75
  601.03,   729.85,   470.10
  724.45,   474.98,   223.66
  726.34,   477.19,   348.19
  728.36,   479.65,   472.86
  723.47,   599.52,   220.58
  725.27,   602.56,   345.11
  727.33,   605.19,   469.80
  721.82,   724.34,   217.35
  723.70,   728.20,   341.89
  726.16,   731.15,   466.84
  848.27,   476.25,   221.47
  850.76,   478.48,   346.07
  853.46,   481.09,   470.95
  848.18,   600.84,   218.54
  850.08,   603.91,   342.86
  852.61,   606.48,   467.74
  847.78,   725.57,   215.24
  849.44,   729.33,   339.22
  851.55,   731.76,   463.99
  599.32,   476.19,   350.21
  599.45,   477.26,   475.05
  599.86,   478.42,   599.80
  599.35,   601.35,   348.79
  599.73,   602.68,   473.83
  599.99,   604.17,   598.31
  599.07,   726.73,   347.05
  599.92,   728.38,   472.44
  600.42,   730.24,   596.96
  724.47,   475.71,   349.77
  724.54,   476.81,   474.50
  725.41,   478.35,   599.88
  724.76,   601.10,   348.02
  724.87,   602.34,   472.80
  726.05,   603.38,   598.20
  724.57,   726.79,   346.14
  725.10,   728.33,   471.17
  726.98,   728.79,   596.45
  848.93,   475.65,   349.62
  849.67,   476.89,   474.54
  850.25,   478.67,   599.79
  849.59,   601.13,   347.76
  850.18,   602.32,   472.71
  850.95,   603.19,   598.09
  850.30,   726.58,   345.45
  850.49,   727.62,   470.33
  851.61,   727.69,   596.05
  600.44,   476.06,   476.79
  599.79,   478.59,   601.52
  599.57,   481.34,   726.49
  597.41,   601.42,   474.21
  596.60,   604.29,   598.66
  595.94,   607.66,   723.43
  594.30,   727.03,   471.48
  593.67,   730.32,   595.97
  592.20,   733.77,   720.76
  725.48,   478.93,   477.23
  725.33,   481.84,   602.60
  725.60,   484.65,   727.47
  722.51,   604.42,   474.17
  722.65,   606.82,   599.52
  723.34,   609.17,   724.50
  719.43,   730.35,   471.20
  720.22,   732.25,   596.40
  720.84,   733.28,   721.65
  850.59,   482.36,   478.27
  850.11,   485.46,   603.49
  849.22,   488.33,   727.77
  847.81,   607.70,   475.01
  847.60,   609.86,   600.38
  847.34,   612.05,   725.10
  844.78,   732.98,   471.27
  844.99,   734.36,   597.01
  845.79,   734.77,   722.53
  601.06,   474.44,   598.19
  601.96,   476.60,   723.19
  602.85,   478.80,   848.03
  597.48,   600.11,   595.93
  597.98,   602.85,   720.71
  598.56,   605.22,   845.88
  594.15,   726.15,   593.84
  593.87,   729.00,   718.62
  593.38,   731.13,   844.18
  726.56,   478.07,   598.16
  727.91,   480.31,   723.09
  728.50,   482.31,   847.24
  723.46,   603.06,   595.69
  725.27,   604.86,   720.69
  724.80,   606.81,   846.12
  720.64,   728.49,   593.18
  722.44,   728.94,   718.42
  720.32,   730.11,   845.10
  851.35,   482.07,   597.97
  851.51,   484.38,   722.29
  851.60,   487.27,   846.77
  848.41,   606.53,   595.47
  849.18,   608.19,   720.18
  849.19,   611.25,   846.45
  845.40,   731.04,   592.68
  847.26,   730.93,   718.20
  846.63,   731.92,   845.11
  599.90,   599.26,    99.86
  600.43,   596.48,   224.90
  601.03,   593.38,   350.55
  597.86,   724.01,   102.49
  598.20,   721.63,   227.29
  599.01,   718.70,   353.31
  595.63,   849.77,   105.56
  595.93,   847.54,   230.50
  596.94,   843.97,   355.93
  725.63,   600.29,   100.12
  726.59,   597.71,   225.31
  726.40,   594.90,   349.83
  723.92,   724.56,   102.81
  724.52,   722.59,   227.84
  724.45,   720.55,   352.37
  721.55,   850.68,   105.63
  721.72,   849.39,   230.59
  722.10,   846.67,   355.57
  851.13,   601.40,   100.28
  851.20,   599.54,   225.24
  851.20,   596.73,   349.63
  850.01,   725.84,   102.91
  850.40,   724.38,   227.68
  850.12,   722.13,   351.71
  847.27,   851.38,   104.96
  848.25,   850.52,   229.90
  848.68,   848.26,   354.70
  598.67,   601.22,   224.46
  599.51,   600.45,   350.18
  600.11,   599.66,   475.20
  596.41,   726.43,   224.53
  597.46,   725.82,   350.59
  598.53,   725.36,   475.96
  594.13,   852.39,   225.48
  595.36,   851.09,   350.89
  596.60,   850.27,   476.11
  724.85,   602.44,   224.62
  724.91,   602.00,   349.18
  725.24,   601.12,   473.97
  722.74,   727.39,   224.84
  722.91,   727.71,   349.43
  723.71,   727.10,   474.48
  719.90,   854.22,   225.28
  720.51,   853.86,   350.35
  721.70,   852.29,   475.38
  849.55,   604.27,   224.32
  849.74,   603.83,   348.69
  850.55,   602.90,   473.67
  848.70,   729.15,   224.44
  848.64,   729.30,   348.47
  849.07,   728.19,   473.41
  846.39,   855.28,   224.32
  847.09,   855.51,   349.26
  847.31,   853.52,   474.49
  600.35,   599.63,   350.58
  599.85,   601.02,   475.60
  599.25,   602.58,   600.09
  597.83,   724.98,   348.78
  597.81,   726.70,   474.16
  597.40,   728.65,   598.67
  595.27,   850.26,   346.90
  595.40,   851.56,   472.11
  595.12,   853.75,   597.10
  725.72,   601.63,   350.63
  724.98,   602.94,   475.42
  725.33,   604.04,   600.82
  723.29,   727.31,   348.69
  722.98,   728.91,   473.74
  724.00,   729.44,   598.99
  720.42,   853.47,   347.42
  720.51,   854.07,   472.44
  721.63,   855.28,   597.26
  850.55,   603.92,   351.19
  850.29,   605.16,   476.16
  850.22,   606.06,   601.53
  849.01,   729.36,   348.79
  848.35,   730.44,   473.71
  848.70,   730.53,   599.46
  847.01,   855.57,   347.38
  846.12,   855.79,   472.64
  846.02,   856.38,   597.98
  599.36,   602.03,   476.59
  597.41,   599.45,   601.03
  595.65,   597.33,   725.81
  600.08,   727.72,   479.25
  598.31,   725.53,   603.73
  595.75,   723.50,   728.57
  600.46,   852.61,   481.33
  598.86,   850.72,   606.31
  595.99,   848.57,   731.69
  724.50,   601.13,   477.76
  723.48,   598.14,   603.14
  722.96,   595.22,   728.07
  725.29,   727.09,   480.21
  725.01,   723.42,   605.44
  724.34,   719.03,   730.74
  725.59,   852.23,   483.04
  725.51,   849.32,   607.82
  724.56,   846.12,   733.00
  849.81,   600.57,   479.88
  848.39,   597.40,   605.21
  846.83,   594.46,   729.82
  850.62,   725.79,   481.59
  849.68,   721.73,   607.30
  849.12,   716.91,   732.80
  851.17,   851.03,   484.52
  849.84,   847.56,   609.88
  849.44,   844.32,   735.00
  600.54,   599.94,   598.95
  603.15,   599.29,   723.76
  605.80,   598.18,   848.91
  602.35,   726.01,   600.10
  604.25,   725.33,   724.98
  605.81,   723.93,   850.68
  603.81,   851.23,   601.10
  605.45,   850.52,   726.48
  606.20,   849.10,   852.09
  726.52,   597.84,   596.79
  730.33,   596.35,   721.77
  731.92,   595.05,   847.07
  728.88,   723.18,   597.57
  732.72,   720.11,   722.83
  732.49,   718.03,   849.56
  730.20,   849.00,   598.44
  733.84,   847.34,   723.51
  733.27,   845.17,   849.78
  851.37,   596.36,   594.63
  853.92,   594.94,   719.25
  855.96,   594.92,   845.25
  853.42,   720.82,   595.11
  856.99,   717.68,   720.61
  858.74,   715.78,   847.55
  854.48,   846.51,   596.17
  858.20,   844.93,   721.37
  859.33,   842.91,   847.29
