27, 125, pa2-debug-c-output1.txt
  209.36,   202.01,   200.87
  393.16,   409.87,   202.16
   98.74,   101.83,   100.70
   96.42,   103.86,   225.68
   93.78,   105.55,   350.66
  100.95,   226.70,    99.04
   98.67,   228.85,   223.87
   96.18,   230.56,   348.64
  103.27,   351.63,    97.20
  100.79,   353.53,   222.05
   98.42,   355.51,   346.84
  223.75,    99.44,   103.35
  221.37,   101.46,   228.39
  218.58,   103.33,   353.31
  225.91,   224.40,   101.67
  223.58,   226.47,   226.65
  221.00,   228.31,   351.35
  228.20,   349.38,    99.72
  225.72,   351.27,   224.58
  223.55,   353.27,   349.30
  348.95,    97.14,   105.99
  346.33,    99.15,   231.08
  343.39,   101.35,   356.13
  351.18,   222.11,   104.04
  348.41,   224.11,   229.11
  345.71,   226.24,   354.07
  353.11,   347.02,   102.12
  350.49,   348.91,   227.12
  348.23,   350.92,   351.97
  101.82,    99.44,   224.79
  103.27,    97.38,   349.79
  104.78,    95.46,   474.68
  102.96,   224.48,   226.70
  104.58,   222.40,   351.48
  106.14,   220.49,   476.31
  103.97,   349.19,   228.57
  105.75,   347.39,   353.35
  107.57,   345.60,   478.22
  226.80,    98.17,   223.31
  228.13,    96.30,   348.28
  229.53,    94.45,   473.16
  227.90,   223.19,   225.30
  229.41,   221.27,   350.04
  230.91,   219.39,   474.83
  228.92,   348.02,   226.94
  230.85,   346.24,   351.69
  232.59,   344.44,   476.61
  351.83,    96.93,   221.84
  353.02,    95.37,   346.93
  354.39,    93.73,   471.91
  352.77,   221.93,   223.58
  354.15,   220.31,   348.58
  355.67,   218.55,   473.53
  353.72,   346.76,   225.30
  355.55,   345.00,   350.19
  357.24,   343.28,   475.11
  101.44,    98.29,   350.43
   98.33,   100.33,   475.28
   95.30,   102.63,   600.16
  100.45,   223.31,   348.16
   97.38,   225.35,   472.97
   94.35,   227.64,   597.91
   99.28,   348.28,   346.10
   96.43,   350.44,   470.93
   93.37,   352.57,   595.98
  226.26,    99.53,   353.56
  223.03,   101.60,   478.37
  220.12,   103.72,   603.18
  225.26,   224.51,   351.36
  222.13,   226.55,   476.10
  219.08,   228.71,   601.00
  224.39,   349.47,   349.06
  221.51,   351.62,   473.95
  218.32,   353.77,   598.98
  351.09,   100.98,   356.86
  347.83,   103.22,   481.78
  345.04,   105.10,   606.59
  349.97,   225.87,   354.55
  346.87,   228.01,   479.44
  343.92,   229.93,   604.37
  349.08,   350.56,   352.20
  346.15,   352.77,   477.08
  342.89,   354.99,   602.07
   99.19,   100.73,   474.66
  101.74,   100.89,   599.57
  104.40,   101.28,   724.53
  102.23,   225.74,   474.44
  104.78,   225.89,   599.41
  107.37,   226.15,   724.74
  105.33,   350.83,   474.50
  107.85,   350.84,   599.58
  109.94,   350.72,   724.81
  223.87,    97.97,   472.20
  226.55,    97.97,   597.05
  229.48,    98.10,   722.10
  226.96,   222.91,   472.03
  229.48,   222.93,   596.96
  232.10,   223.01,   722.21
  230.32,   347.95,   471.96
  232.70,   347.98,   597.01
  234.73,   348.01,   722.10
  348.68,    95.54,   470.05
  351.42,    95.36,   594.90
  354.44,    95.01,   719.72
  351.66,   220.35,   469.81
  354.32,   220.13,   594.77
  357.11,   219.81,   719.79
  354.93,   345.07,   469.54
  357.28,   345.14,   594.55
  359.48,   345.20,   719.67
  101.11,    98.16,   599.76
  100.39,   100.07,   724.72
   99.68,   101.62,   850.25
   97.99,   223.16,   598.12
   97.21,   224.94,   723.45
   96.21,   226.56,   848.84
   94.84,   348.06,   596.82
   93.61,   349.44,   722.07
   92.49,   351.09,   846.94
  225.94,   101.42,   600.57
  225.50,   103.08,   725.67
  225.21,   104.76,   851.25
  222.72,   226.37,   599.00
  221.92,   227.98,   724.28
  221.28,   229.65,   849.73
  219.78,   351.40,   597.59
  218.41,   352.92,   722.70
  217.02,   354.36,   847.89
  350.84,   104.95,   601.76
  350.50,   106.08,   726.63
  350.04,   107.56,   851.80
  347.56,   229.74,   600.15
  346.91,   230.98,   725.19
  346.21,   232.60,   850.36
  344.36,   354.75,   598.46
  343.10,   356.35,   723.59
  342.00,   357.88,   848.71
  101.23,   223.06,    98.50
  100.13,   220.24,   223.33
   98.79,   216.94,   348.11
  102.13,   347.99,   101.62
  100.83,   344.92,   226.46
   99.64,   341.90,   351.23
  103.11,   472.97,   104.55
  101.62,   469.68,   229.45
  100.56,   466.75,   354.38
  226.23,   222.11,    99.91
  225.07,   219.19,   224.89
  223.63,   216.04,   349.61
  227.09,   347.09,   102.93
  225.80,   344.00,   227.78
  224.76,   341.00,   352.50
  227.98,   472.05,   105.89
  226.67,   468.78,   230.67
  225.87,   465.86,   355.44
  351.54,   221.17,   101.06
  349.95,   218.19,   226.13
  348.37,   215.34,   351.10
  352.04,   346.08,   104.10
  350.60,   342.98,   229.09
  349.48,   340.01,   353.96
  352.77,   471.04,   107.25
  351.42,   468.02,   232.08
  350.46,   464.89,   356.82
   98.37,   224.63,   224.00
  100.28,   221.56,   348.77
  102.14,   218.66,   473.58
   96.23,   349.30,   226.92
   98.29,   346.51,   351.69
  100.40,   343.73,   476.53
   94.18,   474.06,   229.72
   96.37,   471.35,   354.64
   98.62,   468.77,   479.50
  223.28,   226.49,   222.38
  225.11,   223.58,   347.09
  226.90,   220.70,   471.86
  221.18,   351.29,   225.05
  223.41,   348.52,   349.78
  225.45,   345.72,   474.68
  219.24,   476.05,   227.74
  221.68,   473.36,   352.52
  223.79,   470.69,   477.53
  348.15,   228.37,   220.42
  349.85,   225.75,   345.40
  351.65,   223.00,   470.32
  345.95,   353.18,   223.19
  348.11,   350.42,   348.04
  350.11,   347.71,   472.93
  343.96,   478.23,   225.97
  346.25,   475.32,   350.70
  348.31,   472.57,   475.60
   99.56,   223.36,   349.33
  100.38,   225.33,   474.17
  101.23,   227.54,   599.14
   95.94,   348.29,   347.40
   96.99,   350.38,   472.26
   97.83,   352.43,   597.35
   92.36,   473.09,   345.49
   93.57,   475.39,   470.36
   94.26,   477.43,   595.36
  224.37,   226.93,   348.60
  225.13,   228.92,   473.39
  225.96,   231.00,   598.33
  221.05,   351.86,   346.42
  222.07,   353.93,   471.35
  222.76,   356.01,   596.41
  217.68,   476.67,   344.30
  218.78,   478.87,   469.33
  219.35,   481.01,   594.55
  349.08,   230.65,   347.85
  349.86,   232.75,   472.79
  350.79,   234.61,   597.76
  345.73,   355.31,   345.63
  346.70,   357.45,   470.54
  347.33,   359.60,   595.57
  342.24,   480.20,   343.44
  343.28,   482.30,   468.35
  343.83,   484.57,   593.49
   98.31,   226.50,   476.30
  101.35,   224.85,   601.24
  104.43,   223.31,   726.55
   97.17,   351.59,   478.26
  100.18,   349.79,   603.32
  102.79,   347.86,   728.53
   96.01,   476.66,   480.22
   98.84,   474.82,   605.21
  101.21,   472.72,   730.38
  223.07,   227.90,   473.41
  226.07,   226.13,   598.32
  229.17,   224.40,   723.55
  222.24,   352.96,   475.24
  225.09,   351.19,   600.27
  227.59,   349.41,   725.34
  221.18,   477.96,   477.10
  223.90,   476.25,   602.28
  226.26,   474.57,   727.39
  347.80,   229.56,   470.70
  350.92,   227.57,   595.65
  354.17,   225.46,   720.66
  346.88,   354.31,   472.32
  349.69,   352.60,   597.33
  352.33,   350.87,   722.42
  345.69,   479.21,   473.99
  348.40,   477.63,   599.11
  350.86,   476.10,   724.32
  101.99,   226.41,   599.70
  104.00,   223.92,   725.00
  105.88,   221.29,   850.39
   98.95,   351.30,   602.74
  100.49,   348.42,   727.96
  102.16,   345.82,   852.81
   95.73,   476.28,   605.60
   97.05,   473.22,   730.76
   98.97,   470.80,   855.49
  226.71,   229.56,   597.90
  228.71,   226.88,   723.13
  230.92,   224.29,   848.54
  223.86,   354.57,   600.82
  225.28,   351.83,   725.89
  226.74,   349.02,   851.05
  220.80,   479.58,   603.80
  222.09,   476.95,   728.92
  223.29,   473.97,   853.78
  351.54,   232.86,   596.35
  353.70,   229.82,   721.36
  355.84,   227.12,   846.48
  348.44,   357.85,   598.99
  349.99,   355.18,   724.09
  351.75,   352.44,   849.18
  345.29,   482.83,   601.75
  346.68,   480.35,   726.98
  348.37,   477.53,   851.99
  101.57,   348.42,   100.38
  101.31,   350.72,   225.24
  101.17,   353.08,   350.05
  104.60,   473.43,    97.94
  104.13,   475.47,   222.84
  104.12,   477.89,   347.81
  107.59,   598.42,    95.46
  107.16,   600.30,   220.44
  107.24,   602.70,   345.42
  226.51,   345.54,   100.72
  226.25,   347.82,   225.59
  226.28,   350.19,   350.33
  229.47,   470.51,    98.31
  229.12,   472.59,   223.12
  229.37,   475.02,   347.90
  232.42,   595.58,    95.94
  232.13,   597.57,   220.83
  232.21,   599.87,   345.57
  351.45,   342.55,   100.92
  351.03,   344.82,   225.94
  350.97,   347.21,   350.82
  354.22,   467.47,    98.69
  353.86,   469.86,   223.56
  353.93,   472.09,   348.32
  357.36,   592.42,    96.49
  357.04,   595.04,   221.22
  356.74,   597.26,   345.89
  100.06,   348.34,   225.46
   99.06,   351.62,   350.24
   98.12,   354.92,   475.08
   99.87,   473.11,   222.15
   98.99,   476.45,   347.09
   98.19,   479.95,   471.95
   99.92,   597.95,   218.81
   99.11,   601.28,   343.77
   98.13,   604.92,   468.66
  225.03,   348.46,   226.60
  224.21,   351.76,   351.32
  223.22,   355.04,   476.23
  224.91,   473.23,   223.20
  224.31,   476.60,   347.96
  223.39,   480.00,   472.97
  224.91,   598.22,   219.99
  224.16,   601.44,   344.72
  223.17,   604.86,   469.73
  349.84,   348.48,   227.74
  348.93,   351.79,   352.59
  347.89,   355.14,   477.47
  349.68,   473.54,   224.44
  348.91,   476.69,   349.16
  347.93,   480.01,   474.05
  349.86,   598.72,   221.17
  348.72,   601.87,   345.82
  347.55,   605.06,   470.74
   99.26,   350.46,   351.23
   96.30,   352.59,   476.07
   93.11,   354.68,   601.13
   97.85,   475.31,   349.21
   95.03,   477.65,   474.06
   91.67,   479.72,   599.02
   96.63,   600.17,   347.03
   93.62,   602.66,   471.90
   90.12,   604.89,   596.83
  224.38,   351.96,   354.29
  221.38,   354.08,   479.19
  218.06,   356.20,   604.22
  223.14,   476.83,   352.07
  220.22,   479.06,   477.08
  216.76,   481.25,   602.27
  221.66,   601.68,   349.95
  218.67,   603.94,   474.98
  215.23,   606.30,   600.27
  349.06,   353.36,   357.54
  346.01,   355.54,   482.41
  342.62,   357.73,   607.41
  347.71,   478.28,   355.24
  344.72,   480.44,   480.12
  341.24,   482.76,   605.25
  346.17,   603.46,   353.02
  343.01,   605.49,   477.96
  339.81,   607.66,   603.25
   98.75,   348.93,   474.30
  101.72,   348.06,   599.36
  104.28,   347.07,   724.59
   97.19,   474.00,   475.35
  100.00,   473.10,   600.35
  102.31,   471.93,   725.52
   95.48,   599.03,   476.24
   98.13,   598.27,   601.22
  100.67,   597.31,   726.40
  223.81,   350.68,   471.33
  226.62,   349.84,   596.37
  229.07,   348.98,   721.45
  222.36,   475.68,   472.26
  225.04,   474.90,   597.45
  227.36,   474.15,   722.58
  220.52,   600.57,   473.21
  223.21,   599.95,   598.52
  225.82,   599.35,   723.81
  348.44,   352.41,   468.47
  351.21,   351.62,   593.48
  353.81,   350.82,   718.58
  346.86,   477.31,   469.21
  349.54,   476.65,   594.33
  351.94,   476.05,   719.55
  344.86,   602.38,   470.09
  347.78,   601.57,   595.36
  350.73,   600.80,   720.72
   99.79,   350.66,   599.78
   99.54,   353.13,   725.02
   99.42,   355.87,   849.87
  102.42,   475.67,   597.23
  101.92,   477.99,   722.41
  101.97,   480.87,   847.23
  104.90,   600.80,   594.60
  104.61,   603.37,   719.77
  104.85,   606.21,   844.78
  224.71,   348.09,   599.62
  224.37,   350.72,   724.72
  224.02,   353.26,   849.89
  227.45,   473.11,   597.17
  226.98,   475.86,   722.32
  226.41,   478.29,   847.24
  229.95,   598.11,   594.70
  229.77,   601.01,   720.02
  229.68,   603.47,   844.82
  349.31,   345.54,   599.58
  349.12,   348.21,   724.69
  349.08,   350.85,   849.79
  351.95,   470.53,   596.89
  351.57,   473.41,   722.13
  351.48,   475.99,   847.20
  354.51,   595.41,   594.38
  354.67,   598.12,   719.75
  354.88,   600.75,   844.71
   98.16,   476.55,   100.33
   96.13,   475.05,   225.25
   94.54,   473.92,   350.22
  100.64,   601.52,   101.44
   98.68,   599.90,   226.43
   97.17,   598.78,   351.41
  103.01,   726.59,   102.57
  101.42,   724.97,   227.81
   99.69,   723.74,   352.73
  223.03,   474.15,   102.17
  221.18,   472.65,   226.97
  219.87,   471.55,   351.77
  225.45,   599.24,   103.39
  223.65,   597.65,   228.26
  222.21,   596.41,   353.03
  227.93,   724.33,   104.53
  226.30,   722.78,   229.72
  224.47,   721.36,   354.44
  347.78,   471.63,   104.03
  345.90,   470.43,   228.88
  344.45,   469.11,   353.65
  350.42,   596.65,   105.40
  348.54,   595.63,   230.12
  346.73,   594.27,   354.81
  353.28,   721.62,   106.63
  351.28,   720.73,   231.43
  348.85,   719.51,   356.13
  100.77,   474.74,   223.47
  102.92,   473.50,   348.43
  105.16,   472.40,   473.33
   99.30,   599.60,   224.75
  101.51,   598.36,   349.73
  103.56,   597.41,   474.66
   98.04,   724.68,   226.21
  100.02,   723.34,   351.14
  101.75,   722.38,   475.98
  225.78,   476.39,   221.53
  228.19,   475.16,   346.32
  230.29,   473.97,   471.34
  224.27,   601.40,   222.93
  226.53,   600.04,   347.68
  228.55,   598.87,   472.73
  222.93,   726.55,   224.48
  224.81,   725.01,   349.20
  226.55,   723.78,   474.15
  350.53,   478.22,   219.78
  352.76,   476.78,   344.54
  354.79,   475.50,   469.44
  349.21,   603.43,   221.12
  351.06,   601.98,   345.79
  352.89,   600.58,   470.74
  347.97,   728.50,   222.52
  349.23,   727.22,   347.21
  350.83,   725.72,   472.25
   98.68,   474.14,   351.34
   98.07,   471.28,   476.21
   96.91,   468.14,   601.20
  101.88,   598.95,   354.40
  101.08,   596.24,   479.31
   99.76,   593.25,   604.29
  104.97,   723.86,   357.58
  103.86,   721.15,   482.41
  102.57,   718.47,   607.36
  223.97,   471.19,   351.96
  223.23,   468.22,   476.98
  221.97,   465.21,   602.16
  226.89,   596.01,   355.08
  226.08,   593.07,   480.13
  224.84,   590.22,   605.44
  229.72,   720.92,   358.34
  228.66,   717.92,   483.32
  227.53,   715.19,   608.58
  348.54,   468.16,   352.90
  347.75,   465.13,   477.79
  346.46,   462.25,   602.91
  351.40,   593.28,   355.91
  350.45,   590.13,   480.87
  349.41,   587.12,   606.14
  354.09,   718.49,   359.09
  352.95,   715.20,   484.14
  352.39,   711.88,   609.49
  102.24,   476.30,   475.33
  100.37,   473.14,   600.31
   98.03,   469.70,   725.47
   99.96,   601.28,   478.41
   97.94,   598.27,   603.37
   95.84,   595.02,   728.51
   97.49,   726.22,   481.48
   95.51,   723.49,   606.40
   93.57,   720.75,   731.46
  227.38,   478.47,   476.92
  225.41,   475.43,   602.11
  223.08,   472.42,   727.23
  224.97,   603.32,   480.07
  223.02,   600.45,   605.38
  220.98,   597.60,   730.64
  222.31,   728.20,   483.24
  220.47,   725.46,   608.46
  218.94,   722.88,   733.76
  351.87,   480.60,   478.57
  349.90,   477.69,   603.69
  347.67,   474.84,   728.90
  349.31,   605.63,   481.64
  347.62,   602.56,   606.93
  345.92,   599.56,   732.26
  346.60,   730.69,   484.92
  345.36,   727.34,   610.26
  344.51,   724.03,   735.56
  100.37,   473.85,   598.87
  101.75,   473.62,   724.07
  103.65,   473.96,   848.89
   97.50,   599.01,   598.81
   99.12,   598.99,   724.00
  101.28,   599.31,   849.00
   94.64,   724.24,   598.72
   96.40,   724.73,   723.83
   98.66,   724.84,   849.01
  225.41,   476.62,   596.89
  226.80,   476.82,   722.05
  228.10,   476.70,   846.97
  222.58,   601.65,   597.02
  224.27,   602.00,   722.34
  226.04,   601.90,   847.13
  219.57,   726.66,   596.98
  221.74,   727.27,   722.32
  224.30,   727.32,   847.30
  349.90,   479.35,   594.68
  351.39,   479.69,   719.93
  353.17,   479.73,   845.02
  347.15,   604.25,   594.78
  349.19,   604.42,   720.16
  351.26,   604.49,   845.12
  344.36,   729.10,   594.99
  347.24,   728.94,   720.35
  349.84,   729.02,   845.12
  101.01,   598.21,    99.35
   97.79,   600.51,   224.28
   95.00,   603.31,   349.22
   97.85,   723.22,    96.43
   94.98,   725.54,   221.61
   91.96,   728.25,   346.51
   94.48,   848.42,    93.31
   91.83,   850.99,   218.95
   88.50,   853.37,   343.94
  225.78,   601.55,   102.52
  222.72,   603.89,   227.35
  219.99,   606.56,   352.07
  222.69,   726.62,    99.57
  219.82,   728.99,   224.78
  216.75,   731.47,   349.47
  219.52,   851.54,    96.32
  216.83,   853.97,   222.12
  213.53,   856.41,   346.95
  350.73,   604.60,   105.75
  347.60,   607.52,   230.42
  344.46,   610.10,   355.05
  348.02,   729.52,   102.91
  344.79,   732.54,   227.71
  341.07,   735.25,   352.37
  344.92,   854.39,    99.66
  341.56,   857.20,   224.92
  337.97,   859.98,   349.92
  101.78,   599.53,   223.83
  102.99,   600.44,   348.82
  104.01,   601.67,   473.77
   99.80,   724.60,   223.12
  100.77,   725.42,   348.07
  101.48,   726.63,   472.92
   97.50,   850.07,   222.46
   98.13,   850.58,   347.49
   98.73,   851.53,   472.05
  226.76,   602.02,   222.99
  227.99,   602.83,   347.76
  228.99,   603.82,   472.82
  224.70,   727.17,   222.37
  225.56,   727.79,   347.11
  226.28,   728.72,   472.07
  222.54,   852.17,   221.66
  223.20,   852.76,   346.54
  223.61,   853.73,   471.22
  351.70,   604.74,   222.17
  352.52,   605.47,   346.85
  353.33,   606.24,   471.82
  349.75,   729.81,   221.40
  349.98,   730.69,   346.10
  350.55,   731.37,   471.16
  347.34,   854.52,   220.54
  347.67,   855.49,   345.61
  348.32,   856.30,   470.74
  101.87,   599.81,   348.08
  102.35,   601.24,   473.02
  102.32,   602.45,   598.04
  101.24,   724.80,   347.10
  101.41,   726.21,   471.95
  101.40,   727.69,   596.91
  100.18,   849.97,   346.30
  100.23,   851.14,   470.86
  100.54,   852.64,   595.59
  226.90,   600.62,   347.56
  227.37,   601.82,   472.62
  227.40,   603.12,   597.98
  226.05,   725.60,   346.68
  226.24,   726.73,   471.65
  226.35,   728.13,   596.91
  225.26,   850.59,   345.89
  225.14,   851.76,   470.59
  225.35,   853.11,   595.54
  351.46,   601.67,   347.20
  351.74,   602.65,   472.17
  352.01,   603.76,   597.48
  350.49,   726.93,   346.22
  350.53,   727.81,   471.28
  351.21,   728.62,   596.65
  349.73,   851.77,   345.50
  349.84,   852.78,   470.64
  350.51,   853.56,   595.69
   98.71,   601.23,   475.09
  101.07,   601.29,   600.09
  103.32,   601.17,   725.28
   97.88,   726.21,   475.16
  100.26,   726.55,   600.10
  102.65,   726.97,   725.22
   96.82,   851.13,   475.19
   99.52,   851.52,   599.91
  101.97,   852.20,   725.14
  223.73,   601.69,   472.32
  226.15,   601.87,   597.65
  228.48,   602.09,   722.96
  222.71,   726.61,   472.48
  225.20,   726.89,   597.72
  228.04,   727.34,   723.05
  221.70,   851.65,   472.54
  224.30,   851.88,   597.48
  227.34,   852.53,   722.66
  348.09,   602.42,   469.48
  350.72,   602.41,   594.76
  353.41,   602.43,   720.13
  346.98,   727.57,   469.72
  350.01,   727.28,   595.07
  353.55,   726.95,   720.42
  346.38,   852.54,   470.21
  349.42,   852.22,   595.24
  352.87,   851.87,   720.08
   99.34,   601.27,   601.35
   98.66,   600.75,   726.55
   98.55,   600.58,   851.54
   95.88,   726.49,   601.70
   95.34,   726.49,   726.81
   95.32,   726.05,   851.99
   92.52,   851.40,   601.89
   92.02,   851.66,   727.07
   91.89,   851.45,   852.42
  224.41,   604.51,   601.88
  223.80,   604.36,   727.21
  223.29,   603.73,   851.98
  220.81,   729.51,   602.28
  220.70,   729.63,   727.63
  220.96,   729.15,   852.59
  217.26,   854.47,   602.35
  217.32,   854.82,   727.59
  217.63,   854.73,   853.08
  348.99,   607.69,   601.97
  348.76,   607.35,   727.36
  348.52,   606.92,   852.28
  345.66,   732.50,   602.62
  346.26,   731.85,   727.98
  346.49,   731.49,   852.71
  342.40,   857.41,   603.07
  342.85,   856.82,   727.90
  343.11,   856.70,   852.92
  226.67,    98.90,   100.55
  227.24,   102.29,   225.59
  227.40,   105.55,   350.52
  224.99,   223.84,    97.46
  225.62,   227.28,   222.45
  225.99,   230.50,   347.16
  223.48,   348.82,    94.12
  223.92,   352.06,   218.98
  224.70,   355.42,   343.69
  351.92,   100.39,   100.17
  352.26,   103.75,   225.25
  352.25,   107.34,   350.30
  350.31,   225.35,    96.81
  350.49,   228.69,   221.87
  350.75,   232.18,   346.83
  348.43,   350.25,    93.48
  348.72,   353.49,   218.48
  349.42,   356.84,   343.33
  476.93,   101.79,    99.68
  477.23,   105.00,   224.77
  477.38,   108.85,   349.78
  475.30,   226.75,    96.25
  475.30,   230.04,   221.27
  475.53,   233.78,   346.34
  473.44,   351.70,    92.97
  473.75,   354.93,   217.92
  474.17,   358.30,   342.85
  227.04,    99.77,   225.69
  225.07,    98.14,   350.65
  223.18,    96.53,   475.51
  230.49,   224.75,   227.47
  228.72,   223.09,   352.22
  226.93,   221.45,   477.00
  233.88,   349.53,   228.92
  232.52,   348.01,   353.68
  230.96,   346.46,   478.61
  352.00,    96.14,   227.48
  349.90,    94.82,   352.57
  347.99,    93.41,   477.54
  355.31,   221.10,   229.03
  353.40,   219.73,   354.03
  351.63,   218.19,   478.97
  358.63,   345.87,   230.56
  357.17,   344.37,   355.45
  355.56,   342.90,   480.37
  476.94,    92.33,   229.14
  475.03,    91.19,   354.17
  473.10,    89.95,   479.14
  480.06,   217.37,   230.58
  478.17,   216.30,   355.67
  476.49,   214.93,   480.67
  483.58,   342.24,   232.11
  481.85,   340.77,   357.10
  480.19,   339.33,   482.10
  225.09,   100.21,   349.40
  221.27,    96.98,   474.18
  217.79,    93.80,   598.94
  225.58,   225.17,   352.53
  221.85,   221.91,   477.24
  218.21,   218.77,   602.10
  226.22,   350.12,   355.57
  222.73,   346.96,   480.43
  218.93,   343.81,   605.41
  349.91,   100.00,   353.28
  346.07,    96.95,   478.18
  342.68,    93.58,   602.94
  350.28,   224.89,   356.32
  346.58,   221.74,   481.18
  343.07,   218.33,   606.07
  350.89,   349.56,   359.31
  347.35,   346.49,   484.16
  343.51,   343.38,   609.12
  475.01,    99.52,   356.86
  471.16,    96.63,   481.76
  467.56,    93.19,   606.67
  475.03,   224.56,   359.93
  471.43,   221.55,   484.86
  468.00,   217.96,   609.87
  475.58,   349.05,   362.94
  471.98,   346.00,   487.86
  468.32,   342.89,   612.86
  226.74,    99.20,   475.20
  225.45,   102.02,   600.02
  224.43,   105.01,   725.10
  228.80,   224.13,   472.28
  227.37,   226.98,   597.19
  225.99,   229.89,   722.42
  231.14,   349.15,   469.45
  229.57,   352.02,   594.48
  227.63,   354.88,   719.56
  351.58,    97.83,   477.05
  350.39,   100.44,   601.87
  349.46,   102.90,   726.71
  353.55,   222.62,   474.06
  352.24,   225.23,   599.00
  351.03,   227.77,   724.01
  355.78,   347.33,   471.03
  354.17,   350.24,   596.03
  352.36,   353.15,   721.13
  476.73,    96.14,   478.46
  475.31,    98.72,   603.44
  474.21,   100.98,   728.35
  478.44,   221.09,   475.56
  477.20,   223.54,   600.61
  476.05,   225.75,   725.73
  480.44,   345.50,   472.57
  479.01,   348.40,   597.60
  477.54,   351.25,   722.80
  223.93,   100.03,   600.64
  225.86,   102.53,   725.72
  227.96,   105.03,   851.29
  226.13,   225.00,   598.25
  227.72,   227.42,   723.50
  229.46,   229.92,   848.91
  228.62,   350.04,   595.99
  229.64,   352.41,   721.08
  230.63,   354.69,   846.25
  348.84,    98.11,   599.53
  350.87,   100.09,   724.37
  352.78,   102.38,   849.51
  350.99,   222.90,   597.10
  352.75,   224.94,   722.12
  354.46,   227.36,   847.25
  353.22,   347.91,   594.57
  354.39,   350.33,   719.68
  355.70,   352.71,   844.78
  473.75,    96.05,   598.13
  475.60,    97.85,   723.05
  477.28,   100.05,   847.89
  475.94,   220.87,   595.74
  477.76,   222.58,   720.88
  479.41,   224.78,   845.84
  478.06,   345.72,   593.18
  479.56,   348.06,   718.39
  481.18,   350.45,   843.55
  223.06,   226.28,   101.52
  223.53,   225.12,   226.52
  223.74,   223.74,   351.27
  220.49,   351.26,   102.76
  220.83,   349.93,   227.63
  221.45,   348.70,   352.40
  217.98,   476.25,   103.94
  218.28,   474.70,   228.76
  219.11,   473.56,   353.58
  348.33,   228.81,   101.08
  348.39,   227.58,   226.17
  348.48,   226.48,   351.18
  345.41,   353.73,   102.35
  345.61,   352.39,   227.37
  346.16,   351.17,   352.26
  342.75,   478.69,   103.73
  343.01,   477.45,   228.58
  343.70,   476.08,   353.35
  473.31,   231.24,   100.72
  473.17,   229.98,   225.79
  473.26,   229.14,   350.91
  470.43,   356.22,   102.05
  470.60,   354.88,   227.03
  470.87,   353.67,   352.01
  467.84,   481.15,   103.49
  468.21,   479.95,   228.38
  468.37,   478.60,   353.15
  224.08,   224.44,   225.22
  224.00,   226.95,   349.94
  223.93,   229.49,   474.72
  223.19,   349.25,   222.44
  223.53,   351.91,   347.18
  223.70,   354.54,   472.10
  222.43,   474.03,   219.69
  222.98,   476.76,   344.47
  223.24,   479.52,   469.49
  348.96,   225.06,   225.11
  348.76,   227.85,   350.09
  348.70,   230.50,   475.02
  348.00,   349.88,   222.41
  348.25,   352.54,   347.28
  348.37,   355.25,   472.18
  347.20,   474.95,   219.75
  347.59,   477.46,   344.50
  347.78,   480.13,   469.39
  473.77,   225.63,   224.98
  473.56,   228.69,   350.07
  473.59,   231.50,   475.06
  473.02,   350.54,   222.31
  473.00,   353.21,   347.28
  473.03,   355.93,   472.25
  472.47,   475.60,   219.79
  472.34,   478.16,   344.54
  472.22,   480.74,   469.46
  223.12,   226.30,   348.78
  219.70,   223.90,   473.51
  216.36,   221.62,   598.39
  225.47,   351.25,   351.00
  222.29,   348.95,   475.88
  218.81,   346.66,   600.89
  227.77,   476.10,   353.27
  224.66,   473.92,   478.27
  221.04,   471.70,   603.44
  347.81,   224.33,   352.22
  344.41,   222.04,   477.11
  341.19,   219.51,   602.03
  350.13,   349.01,   354.40
  346.90,   346.79,   479.28
  343.37,   344.55,   604.26
  352.31,   473.90,   356.60
  349.14,   471.66,   481.48
  345.49,   469.58,   606.58
  472.56,   222.31,   355.51
  469.25,   220.18,   480.47
  466.12,   217.46,   605.49
  474.81,   346.81,   357.70
  471.52,   344.62,   482.65
  468.16,   342.37,   607.67
  476.96,   471.69,   359.94
  473.54,   469.37,   484.86
  470.17,   467.26,   609.89
  225.75,   225.95,   474.39
  222.10,   222.90,   599.25
  218.56,   219.95,   724.46
  227.25,   350.99,   477.49
  223.45,   347.95,   602.47
  219.31,   344.88,   727.51
  228.53,   475.96,   480.60
  224.59,   472.98,   605.75
  220.29,   470.02,   730.81
  350.46,   225.15,   478.30
  346.95,   221.85,   603.20
  343.56,   218.50,   728.16
  351.86,   349.88,   481.19
  348.02,   346.89,   606.16
  344.03,   343.87,   731.20
  353.00,   474.75,   484.13
  349.05,   471.92,   609.21
  344.86,   469.12,   734.37
  475.32,   224.33,   481.96
  471.88,   220.86,   606.97
  468.55,   217.16,   732.02
  476.48,   348.76,   484.88
  472.83,   345.77,   609.87
  469.16,   342.68,   735.04
  477.40,   473.52,   487.82
  473.75,   470.66,   612.83
  470.01,   467.97,   737.97
  225.98,   223.06,   598.61
  227.04,   226.80,   723.84
  228.23,   230.61,   849.23
  230.03,   348.03,   595.03
  230.52,   351.72,   720.10
  230.97,   355.32,   845.24
  233.90,   473.00,   591.49
  234.25,   476.81,   716.63
  234.51,   480.32,   841.54
  350.82,   219.39,   598.08
  352.05,   222.75,   723.07
  353.21,   226.50,   848.18
  354.61,   344.34,   594.24
  355.25,   348.06,   719.31
  356.02,   351.77,   844.39
  358.36,   469.26,   590.46
  358.81,   473.20,   715.66
  359.54,   476.88,   840.74
  475.74,   215.81,   597.34
  477.02,   218.81,   722.43
  478.13,   222.35,   847.37
  479.42,   340.59,   593.45
  480.39,   344.23,   718.64
  481.47,   347.94,   843.77
  483.03,   465.35,   589.62
  484.00,   469.37,   714.75
  485.08,   473.29,   839.98
  224.34,   351.47,    98.35
  225.92,   353.38,   223.22
  227.83,   355.41,   347.96
  225.41,   476.49,    96.27
  226.90,   478.18,   221.08
  229.01,   480.27,   345.86
  226.44,   601.59,    94.22
  228.01,   603.21,   219.13
  229.94,   605.15,   343.87
  349.29,   350.35,    96.65
  350.72,   352.26,   221.66
  352.53,   354.29,   346.54
  350.18,   475.29,    94.76
  351.66,   477.35,   219.62
  353.58,   479.23,   344.37
  351.42,   600.28,    92.88
  352.96,   602.56,   217.62
  354.49,   604.44,   342.28
  474.31,   349.26,    95.07
  475.74,   351.17,   220.03
  477.27,   353.21,   344.99
  475.25,   474.17,    93.23
  476.93,   476.24,   218.13
  478.35,   478.16,   342.88
  476.48,   599.10,    91.36
  478.14,   601.56,   216.13
  479.26,   603.61,   340.79
  224.22,   349.51,   226.25
  226.83,   353.26,   350.94
  229.27,   357.00,   475.82
  224.10,   474.27,   222.39
  226.92,   478.09,   347.12
  229.43,   481.95,   472.09
  224.10,   599.24,   218.72
  226.77,   602.93,   343.42
  229.20,   606.79,   468.40
  349.00,   349.43,   223.96
  351.52,   353.19,   348.78
  353.91,   357.00,   473.64
  348.84,   474.48,   220.20
  351.49,   478.09,   344.90
  353.93,   481.85,   469.74
  349.04,   599.64,   216.48
  351.32,   603.26,   341.09
  353.55,   606.91,   465.98
  474.00,   349.38,   221.60
  476.25,   353.16,   346.51
  478.55,   356.97,   471.44
  474.09,   474.42,   217.98
  476.24,   478.07,   342.68
  478.37,   481.76,   467.55
  474.21,   599.70,   214.27
  476.06,   603.48,   338.87
  478.04,   607.08,   463.75
  225.87,   351.49,   349.52
  225.56,   354.85,   474.43
  224.92,   358.22,   599.47
  222.38,   476.27,   346.08
  222.15,   479.75,   471.08
  221.39,   483.19,   596.28
  218.65,   601.05,   342.75
  218.35,   604.55,   467.76
  217.60,   608.15,   593.06
  350.54,   355.09,   350.02
  350.18,   358.51,   474.90
  349.48,   361.95,   599.91
  346.94,   479.94,   346.50
  346.64,   483.33,   471.38
  345.86,   486.89,   596.51
  343.18,   605.05,   343.07
  342.68,   608.32,   468.00
  342.16,   611.72,   593.28
  475.24,   358.72,   350.40
  474.78,   362.15,   475.36
  474.26,   365.59,   600.38
  471.62,   483.61,   346.94
  471.01,   486.91,   471.85
  470.50,   490.40,   596.90
  467.84,   608.99,   343.49
  467.09,   612.18,   468.42
  466.84,   615.30,   593.64
  225.27,   351.37,   473.53
  223.33,   351.98,   598.60
  221.01,   352.57,   723.71
  221.98,   476.33,   472.91
  219.92,   477.00,   598.14
  217.47,   477.69,   723.30
  218.31,   601.18,   472.32
  216.25,   602.02,   597.65
  214.08,   602.89,   722.97
  349.89,   354.93,   475.40
  347.89,   355.60,   600.44
  345.70,   356.27,   725.56
  346.47,   479.79,   474.60
  344.38,   480.60,   599.76
  342.03,   481.45,   725.02
  342.63,   604.82,   473.94
  340.81,   605.48,   599.26
  339.00,   606.18,   724.65
  474.49,   358.45,   477.25
  472.67,   359.14,   602.30
  470.80,   359.78,   727.53
  470.84,   483.25,   476.45
  469.02,   484.00,   601.54
  467.14,   484.95,   726.74
  467.03,   608.54,   475.75
  465.50,   608.91,   600.99
  464.22,   609.46,   726.21
  223.74,   350.68,   598.16
  222.62,   351.86,   723.27
  221.48,   352.96,   848.47
  225.64,   475.74,   597.16
  224.39,   477.03,   722.34
  223.03,   478.02,   847.27
  227.29,   600.78,   596.15
  226.33,   602.23,   721.48
  225.45,   603.25,   846.29
  348.35,   348.97,   598.85
  347.37,   350.21,   723.98
  346.54,   351.40,   849.10
  350.15,   474.00,   597.63
  348.99,   475.45,   722.88
  348.11,   476.57,   847.96
  351.87,   598.92,   596.58
  351.25,   600.19,   721.97
  350.67,   601.37,   846.93
  473.19,   347.20,   599.57
  472.54,   348.38,   724.81
  472.02,   349.61,   849.96
  474.86,   472.08,   598.27
  474.18,   473.62,   723.47
  473.66,   475.01,   848.72
  476.62,   597.04,   597.18
  476.51,   598.23,   722.37
  476.04,   599.59,   847.43
  225.59,   474.03,    98.97
  226.20,   470.96,   223.77
  227.39,   468.28,   348.55
  226.39,   599.10,   101.72
  227.09,   595.95,   226.59
  228.14,   593.14,   351.33
  227.26,   724.19,   104.39
  228.14,   721.08,   229.57
  228.80,   718.09,   354.26
  350.37,   473.12,    98.34
  350.96,   470.37,   223.19
  351.99,   467.47,   347.94
  351.39,   598.12,   101.24
  352.01,   595.57,   225.96
  352.68,   592.64,   350.62
  352.64,   723.10,   103.98
  353.16,   720.66,   228.78
  353.23,   717.89,   353.46
  475.47,   472.26,    97.68
  476.23,   469.52,   222.57
  476.75,   466.66,   347.33
  476.51,   597.23,   100.59
  477.19,   594.84,   225.35
  477.41,   592.05,   350.01
  477.78,   722.18,   103.30
  478.20,   720.07,   227.99
  478.09,   717.63,   352.77
  226.02,   476.23,   226.86
  223.30,   477.48,   351.63
  220.25,   478.77,   476.65
  224.43,   601.23,   225.72
  221.55,   602.35,   350.45
  218.44,   603.66,   475.49
  223.01,   726.39,   224.73
  219.78,   727.31,   349.43
  216.40,   728.57,   474.36
  350.74,   478.13,   230.20
  347.85,   479.17,   354.93
  344.74,   480.39,   479.82
  349.32,   603.34,   229.00
  346.05,   604.36,   353.65
  342.78,   605.45,   478.60
  348.00,   728.43,   227.86
  344.13,   729.58,   352.54
  340.64,   730.55,   477.57
  475.94,   479.78,   233.51
  472.51,   480.86,   358.24
  469.12,   481.98,   483.16
  474.41,   605.14,   232.30
  470.68,   606.31,   356.94
  467.19,   607.29,   481.90
  472.96,   730.36,   230.98
  468.89,   731.88,   355.77
  465.37,   732.82,   480.84
  223.68,   475.83,   351.12
  224.62,   472.47,   476.12
  225.05,   469.06,   601.30
  224.70,   600.67,   354.62
  225.57,   597.33,   479.65
  226.01,   594.08,   604.96
  225.65,   725.59,   358.26
  226.26,   722.21,   483.22
  226.81,   719.08,   608.46
  348.27,   474.74,   350.41
  349.16,   471.30,   475.30
  349.57,   468.03,   600.40
  349.24,   599.90,   353.80
  349.96,   596.34,   478.75
  350.62,   592.92,   604.01
  350.05,   725.11,   357.36
  350.58,   721.43,   482.40
  351.70,   717.71,   607.74
  473.00,   473.66,   349.72
  473.62,   470.13,   474.63
  474.30,   466.81,   599.67
  473.94,   599.05,   353.10
  474.44,   595.37,   478.05
  475.39,   591.72,   603.23
  474.89,   724.60,   356.59
  475.39,   720.89,   481.64
  476.74,   716.64,   606.96
  224.51,   475.03,   476.62
  224.82,   471.98,   601.81
  224.76,   468.96,   726.93
  222.81,   599.90,   479.81
  223.14,   597.01,   605.13
  223.37,   594.14,   730.40
  220.87,   724.78,   483.02
  221.29,   722.03,   608.27
  222.04,   719.41,   733.58
  349.04,   476.51,   475.97
  349.34,   473.59,   601.09
  349.38,   470.73,   726.31
  347.19,   601.55,   479.08
  347.75,   598.48,   604.37
  348.30,   595.47,   729.71
  345.17,   726.62,   482.40
  346.18,   723.28,   607.75
  347.60,   719.94,   733.07
  473.47,   477.98,   475.48
  474.05,   475.01,   600.54
  474.59,   472.24,   725.71
  471.65,   603.25,   478.56
  472.52,   599.93,   603.76
  473.60,   596.83,   728.92
  469.96,   728.75,   481.83
  471.23,   724.84,   607.15
  472.87,   720.96,   732.30
  223.76,   477.00,   600.73
  226.11,   480.56,   725.83
  228.39,   483.80,   850.67
  222.50,   602.01,   597.47
  225.15,   605.73,   722.73
  227.93,   609.00,   847.46
  221.03,   726.97,   594.04
  224.16,   730.94,   719.31
  227.73,   734.41,   844.24
  348.26,   478.09,   597.53
  350.71,   481.80,   722.72
  353.47,   485.20,   847.73
  347.07,   602.98,   594.24
  350.08,   606.49,   719.56
  353.16,   609.93,   844.45
  345.81,   727.81,   591.04
  349.66,   730.99,   716.34
  353.28,   734.40,   841.07
  472.93,   479.00,   594.50
  475.90,   482.79,   719.62
  479.02,   486.47,   844.80
  471.76,   603.95,   591.17
  475.31,   607.33,   716.30
  478.52,   610.92,   841.26
  470.77,   728.98,   587.98
  474.86,   731.55,   713.14
  478.21,   734.92,   837.71
  226.68,   598.40,    98.57
  227.81,   595.53,   223.44
  229.31,   593.01,   348.19
  226.96,   723.49,   100.93
  228.29,   720.67,   226.14
  229.40,   717.97,   350.84
  227.20,   848.46,   103.03
  228.69,   845.67,   228.78
  229.56,   842.95,   353.58
  351.68,   597.98,    97.65
  352.75,   595.73,   222.38
  353.86,   593.10,   347.04
  352.33,   722.97,   100.11
  353.33,   720.82,   224.92
  353.84,   718.36,   349.59
  352.66,   847.90,   102.18
  353.49,   845.58,   227.41
  354.00,   843.24,   352.41
  476.78,   597.67,    96.57
  477.93,   595.58,   221.33
  478.61,   593.10,   345.99
  477.46,   722.63,    99.00
  478.37,   720.81,   223.69
  478.71,   718.68,   348.47
  477.82,   847.54,   101.18
  478.46,   845.58,   226.07
  478.89,   843.74,   351.25
  225.66,   598.76,   225.90
  226.76,   600.64,   350.67
  227.61,   602.71,   475.73
  222.64,   723.87,   224.22
  223.38,   725.56,   348.95
  223.97,   727.57,   473.91
  219.56,   848.86,   222.46
  220.07,   850.51,   347.32
  220.34,   852.55,   471.99
  350.56,   602.42,   225.18
  351.26,   604.21,   349.86
  351.93,   606.05,   474.83
  347.66,   727.45,   223.35
  347.77,   729.40,   348.05
  348.22,   731.14,   473.10
  344.33,   852.15,   221.45
  344.52,   854.17,   346.49
  345.04,   856.04,   471.61
  475.69,   605.75,   224.48
  475.94,   607.71,   349.14
  476.39,   609.46,   474.12
  472.66,   730.90,   222.45
  472.58,   733.23,   347.26
  473.00,   734.99,   472.35
  469.22,   855.56,   220.45
  469.30,   858.08,   345.70
  470.02,   859.92,   470.89
  223.83,   598.40,   349.67
  223.44,   599.52,   474.74
  222.62,   600.73,   600.09
  223.73,   723.38,   348.87
  223.08,   724.44,   473.85
  222.34,   725.76,   599.11
  223.70,   848.38,   348.16
  222.73,   849.47,   472.86
  222.09,   850.74,   597.82
  348.38,   598.68,   350.16
  347.83,   599.58,   475.14
  347.23,   600.61,   600.46
  348.16,   723.94,   349.27
  347.38,   724.73,   474.33
  347.20,   725.47,   599.71
  348.16,   848.81,   348.63
  347.42,   849.71,   473.76
  347.26,   850.41,   598.82
  473.10,   598.88,   350.75
  472.31,   599.69,   475.73
  472.00,   600.48,   600.97
  473.01,   724.48,   349.78
  472.18,   725.27,   474.88
  472.25,   725.49,   600.24
  473.01,   849.49,   349.13
  472.45,   850.35,   474.32
  472.61,   850.37,   599.36
  226.01,   600.14,   476.29
  226.12,   599.01,   601.63
  226.13,   597.91,   726.95
  222.07,   725.01,   477.75
  222.26,   724.00,   603.01
  222.78,   723.15,   728.36
  218.13,   849.99,   479.09
  218.44,   848.95,   604.06
  219.16,   848.36,   729.30
  350.33,   603.79,   475.79
  350.68,   602.47,   601.11
  351.05,   601.20,   726.49
  346.32,   728.86,   477.35
  347.09,   727.27,   602.73
  348.31,   725.67,   728.08
  342.82,   853.76,   479.13
  343.57,   852.15,   604.16
  344.72,   850.58,   729.03
  474.76,   607.50,   475.50
  475.41,   605.91,   600.75
  476.32,   604.52,   725.94
  471.08,   733.01,   477.01
  472.10,   730.85,   602.37
  473.54,   728.66,   727.56
  467.81,   857.93,   478.83
  468.89,   855.64,   603.82
  469.93,   853.11,   728.73
  224.34,   600.58,   599.36
  224.50,   601.78,   724.69
  224.76,   602.51,   849.48
  224.01,   725.60,   598.43
  224.67,   727.05,   723.78
  225.71,   727.95,   848.76
  223.72,   850.59,   597.20
  224.58,   852.24,   722.40
  225.68,   853.55,   847.85
  348.95,   600.50,   598.65
  349.46,   601.52,   724.04
  350.00,   602.43,   848.99
  348.86,   725.36,   597.96
  350.23,   726.04,   723.33
  351.26,   726.99,   848.09
  348.88,   850.30,   597.13
  350.17,   850.96,   721.99
  351.23,   852.11,   846.94
  473.71,   600.41,   598.10
  474.74,   601.32,   723.30
  475.39,   602.43,   848.35
  473.90,   725.44,   597.41
  475.48,   725.54,   722.62
  476.22,   726.53,   847.24
  474.23,   850.33,   596.59
  475.45,   850.04,   721.53
  475.97,   851.00,   846.23
  349.02,    99.51,   100.30
  350.91,    99.62,   225.41
  352.46,    99.95,   350.50
  347.07,   224.51,   100.21
  348.81,   224.61,   225.30
  350.58,   224.87,   350.30
  344.85,   349.44,   100.16
  346.71,   349.44,   225.18
  348.94,   349.57,   350.06
  474.02,   101.27,    98.31
  475.87,   101.22,   223.43
  477.59,   101.78,   348.47
  472.06,   226.25,    98.15
  473.59,   226.31,   223.20
  475.36,   226.83,   348.31
  469.85,   351.24,    98.14
  471.70,   351.24,   223.11
  473.65,   351.38,   348.09
  598.56,   103.08,    96.27
  600.56,   103.12,   221.20
  602.77,   103.45,   346.05
  596.75,   227.94,    96.27
  598.61,   227.97,   221.15
  600.53,   228.62,   346.02
  594.99,   353.12,    96.26
  596.98,   353.01,   221.10
  598.69,   353.14,   345.99
  351.94,    98.13,   224.37
  349.60,    99.78,   349.45
  347.46,   101.30,   474.42
  352.45,   223.14,   222.93
  350.34,   224.70,   347.93
  348.36,   226.12,   472.86
  352.96,   347.97,   221.49
  351.29,   349.40,   346.37
  349.50,   350.88,   471.27
  476.91,    97.16,   226.30
  474.75,    99.02,   351.33
  472.59,   100.74,   476.30
  477.25,   222.24,   224.74
  475.13,   224.09,   349.84
  473.24,   225.67,   474.84
  477.97,   347.18,   223.31
  476.03,   348.63,   348.29
  474.15,   350.12,   473.28
  601.63,    96.50,   227.96
  599.96,    98.08,   352.81
  598.04,    99.65,   477.75
  602.27,   221.33,   226.57
  600.32,   223.31,   351.44
  598.44,   225.01,   476.42
  603.24,   346.35,   225.20
  601.07,   347.81,   350.08
  599.11,   349.29,   475.12
  350.07,   100.62,   348.79
  346.36,    98.17,   473.70
  343.10,    95.38,   598.49
  348.99,   225.52,   351.20
  345.43,   222.96,   476.08
  342.05,   220.15,   600.98
  348.16,   350.21,   353.57
  344.78,   347.71,   478.43
  341.08,   345.19,   603.40
  475.16,   101.60,   352.25
  471.44,    99.32,   477.18
  467.99,    96.46,   602.11
  473.74,   226.63,   354.70
  470.28,   224.23,   479.65
  466.99,   221.25,   604.66
  472.85,   351.15,   357.08
  469.39,   348.68,   482.02
  465.87,   346.17,   607.02
  600.34,   102.38,   355.31
  596.85,    99.95,   480.21
  593.05,    97.20,   605.29
  598.89,   227.58,   357.88
  595.45,   225.28,   482.83
  592.04,   222.32,   608.06
  597.83,   352.04,   360.46
  594.32,   349.55,   485.46
  591.05,   347.02,   610.62
  348.44,    99.86,   475.64
  352.21,   101.93,   600.45
  356.25,   103.82,   725.26
  345.92,   224.63,   473.24
  349.56,   226.71,   598.17
  353.31,   228.70,   723.15
  343.67,   349.36,   470.83
  347.00,   351.72,   595.80
  350.14,   354.08,   720.87
  473.50,   102.63,   472.01
  477.08,   104.63,   596.95
  480.94,   106.31,   721.86
  470.74,   227.51,   469.71
  474.46,   229.45,   594.72
  478.26,   231.13,   719.82
  468.25,   351.92,   467.32
  471.76,   354.29,   592.31
  475.24,   356.61,   717.47
  598.90,   104.90,   467.93
  602.16,   107.03,   593.00
  605.56,   108.98,   718.25
  595.86,   230.16,   465.79
  599.51,   232.15,   590.98
  603.11,   233.82,   716.38
  593.13,   354.40,   463.65
  596.87,   356.73,   588.78
  600.78,   359.02,   714.08
  347.91,   100.68,   600.93
  351.47,   100.85,   725.77
  354.90,   101.33,   850.89
  348.91,   225.50,   600.31
  352.20,   225.74,   725.33
  355.44,   226.36,   850.46
  349.98,   350.56,   599.60
  352.67,   351.17,   724.70
  355.54,   351.73,   849.80
  472.80,    99.79,   597.97
  476.18,    99.77,   722.88
  479.38,   100.17,   847.71
  473.84,   224.64,   597.39
  477.19,   224.55,   722.52
  480.37,   224.95,   847.47
  474.80,   349.53,   596.63
  477.83,   350.07,   721.84
  481.00,   350.65,   846.99
  597.91,    98.55,   594.54
  600.87,    98.81,   719.78
  604.19,    99.15,   844.88
  598.92,   223.75,   594.17
  602.03,   223.65,   719.60
  605.15,   224.00,   844.63
  599.96,   348.38,   593.63
  603.38,   348.88,   718.99
  606.59,   349.36,   844.16
  351.79,   224.05,    99.80
  348.15,   227.30,   224.82
  344.58,   230.68,   349.73
  353.46,   348.95,    96.62
  349.94,   352.09,   221.58
  346.81,   355.35,   346.39
  355.38,   473.85,    93.58
  351.90,   477.15,   218.38
  348.89,   480.26,   343.06
  476.72,   221.97,   103.15
  472.89,   225.22,   228.15
  469.30,   228.87,   353.19
  478.44,   346.94,   100.04
  474.90,   350.08,   224.93
  471.50,   353.36,   349.84
  480.41,   471.83,    97.03
  477.13,   475.12,   221.86
  473.59,   478.27,   346.56
  601.36,   219.80,   106.70
  597.87,   223.09,   231.50
  594.43,   226.90,   356.32
  603.55,   344.98,   103.58
  600.12,   348.05,   228.34
  596.47,   351.33,   353.16
  605.84,   470.01,   100.40
  602.62,   473.02,   225.18
  598.70,   476.15,   350.02
  351.51,   225.92,   224.41
  351.08,   224.24,   349.42
  350.76,   222.43,   474.37
  350.02,   350.74,   226.19
  350.04,   348.93,   351.08
  349.90,   347.17,   476.01
  348.71,   475.82,   228.00
  348.87,   473.85,   352.76
  348.80,   472.06,   477.69
  476.32,   227.01,   224.55
  475.88,   225.61,   349.66
  475.67,   223.96,   474.67
  475.04,   351.93,   226.36
  474.78,   350.14,   351.34
  474.57,   348.40,   476.34
  473.96,   477.01,   228.30
  473.59,   475.07,   353.07
  473.24,   473.19,   478.03
  601.36,   228.08,   224.72
  601.08,   226.80,   349.59
  600.89,   225.27,   474.58
  600.33,   353.09,   226.57
  599.83,   351.30,   351.46
  599.55,   349.54,   476.51
  599.51,   478.11,   228.44
  598.74,   476.15,   353.35
  598.19,   474.34,   478.40
  350.06,   223.30,   351.22
  349.73,   225.11,   476.17
  349.58,   226.67,   601.14
  352.87,   347.97,   349.27
  352.72,   349.84,   474.19
  352.25,   351.70,   599.22
  355.54,   472.87,   347.33
  355.45,   474.70,   472.24
  354.89,   476.70,   597.38
  474.85,   220.83,   351.52
  474.61,   222.80,   476.52
  474.53,   224.19,   601.60
  477.60,   345.33,   349.57
  477.37,   347.22,   474.57
  477.09,   349.07,   599.62
  480.28,   470.22,   347.68
  479.89,   471.97,   472.63
  479.60,   473.92,   597.71
  600.04,   218.17,   351.49
  599.81,   220.27,   476.48
  599.62,   221.69,   601.76
  602.63,   342.65,   349.73
  602.33,   344.52,   474.78
  602.29,   346.33,   600.00
  605.44,   467.44,   347.99
  604.85,   469.27,   473.04
  604.87,   471.22,   598.19
  350.20,   223.71,   474.18
  348.20,   220.31,   599.11
  346.35,   216.83,   724.10
  347.56,   348.41,   477.10
  345.24,   345.29,   602.09
  342.78,   342.16,   727.16
  344.67,   473.24,   480.06
  342.24,   470.29,   605.17
  339.55,   467.37,   730.37
  475.06,   226.97,   476.41
  473.13,   223.42,   601.44
  471.31,   219.60,   726.54
  472.18,   351.36,   479.36
  470.04,   348.27,   604.38
  467.88,   345.08,   729.57
  469.06,   476.11,   482.32
  466.90,   473.12,   607.36
  464.66,   470.31,   732.53
  600.22,   230.01,   478.26
  598.19,   226.49,   603.50
  596.13,   222.68,   728.90
  597.10,   354.23,   481.47
  595.21,   351.11,   606.64
  593.41,   347.89,   731.98
  593.94,   479.01,   484.63
  592.14,   476.00,   609.71
  590.57,   473.16,   734.83
  350.30,   223.34,   600.62
  352.58,   223.66,   725.66
  354.81,   224.36,   850.81
  347.29,   348.37,   599.90
  348.96,   349.05,   725.02
  350.80,   349.70,   850.14
  344.26,   473.38,   599.28
  345.73,   474.27,   724.52
  347.50,   474.83,   849.58
  475.22,   226.56,   598.70
  477.54,   226.56,   723.85
  479.70,   227.05,   848.82
  472.09,   351.42,   597.93
  474.08,   352.06,   723.16
  476.22,   352.73,   848.32
  468.91,   476.29,   597.23
  470.88,   477.27,   722.42
  473.02,   478.11,   847.66
  600.29,   229.74,   596.49
  602.39,   229.74,   721.95
  604.48,   230.19,   846.99
  597.24,   354.35,   595.93
  599.64,   354.96,   721.30
  601.82,   355.55,   846.49
  594.09,   479.26,   595.32
  596.74,   480.21,   720.46
  598.91,   481.02,   845.62
  349.29,   348.59,   101.70
  352.52,   351.60,   226.65
  356.10,   354.72,   351.47
  351.19,   473.51,    98.67
  354.47,   476.65,   223.48
  358.16,   479.62,   348.17
  353.45,   598.46,    95.66
  356.77,   601.83,   220.34
  360.07,   604.81,   344.94
  474.28,   346.44,    98.37
  477.49,   349.44,   223.27
  480.80,   352.58,   348.18
  476.23,   471.32,    95.39
  479.70,   474.47,   220.24
  482.89,   477.48,   344.94
  478.47,   596.22,    92.39
  481.91,   599.75,   217.11
  484.81,   602.90,   341.71
  599.37,   344.35,    95.19
  602.73,   347.25,   219.96
  605.81,   350.39,   344.77
  601.58,   469.36,    92.05
  605.21,   472.24,   216.83
  608.05,   475.20,   341.66
  603.77,   594.18,    88.88
  607.46,   597.36,   213.66
  610.13,   600.64,   338.53
  349.44,   350.09,   225.09
  346.14,   346.88,   349.90
  342.69,   343.72,   474.74
  349.76,   475.15,   228.31
  346.61,   471.77,   353.00
  343.24,   468.58,   477.84
  350.41,   600.33,   231.56
  346.88,   596.92,   356.17
  343.36,   593.61,   481.08
  474.40,   349.56,   228.54
  470.83,   346.38,   353.45
  467.31,   343.24,   478.37
  474.97,   474.60,   231.89
  471.27,   471.26,   356.59
  467.63,   467.99,   481.47
  475.50,   599.92,   235.15
  471.51,   596.65,   359.75
  467.76,   593.21,   484.67
  599.63,   348.99,   232.04
  595.81,   345.82,   356.86
  592.24,   342.68,   481.84
  600.45,   473.97,   235.32
  596.35,   470.62,   360.16
  592.51,   467.41,   485.13
  600.99,   599.19,   238.57
  596.70,   596.09,   363.43
  592.75,   592.82,   488.44
  348.41,   350.25,   350.02
  349.96,   352.32,   474.92
  351.18,   354.40,   599.95
  347.14,   475.17,   347.88
  348.76,   477.21,   472.78
  349.89,   479.42,   597.92
  345.72,   600.35,   345.82
  347.14,   602.28,   470.77
  348.53,   604.33,   596.06
  473.14,   351.51,   348.56
  474.61,   353.60,   473.54
  476.02,   355.68,   598.58
  471.87,   476.45,   346.47
  473.19,   478.41,   471.40
  474.59,   480.55,   596.47
  470.43,   601.89,   344.40
  471.60,   603.73,   469.35
  473.27,   605.52,   594.58
  598.18,   352.73,   346.97
  599.57,   354.80,   472.00
  601.23,   356.84,   597.19
  597.04,   477.60,   345.03
  598.13,   479.63,   470.06
  599.83,   481.78,   595.18
  595.72,   603.10,   343.05
  596.67,   605.12,   468.12
  598.39,   607.04,   593.23
  350.62,   350.14,   473.98
  350.41,   348.74,   599.02
  350.04,   347.32,   724.15
  354.37,   474.98,   475.29
  354.06,   473.72,   600.44
  353.50,   472.52,   725.69
  357.69,   600.02,   476.73
  357.67,   598.59,   602.04
  357.65,   597.22,   727.41
  475.24,   346.50,   474.02
  475.22,   345.09,   599.09
  475.19,   343.59,   724.33
  478.78,   471.23,   475.34
  478.76,   469.92,   600.43
  478.70,   468.81,   725.63
  482.16,   596.48,   476.75
  482.41,   594.83,   601.98
  482.90,   593.40,   727.15
  600.17,   342.78,   473.89
  600.39,   341.33,   599.11
  600.70,   339.77,   724.52
  603.72,   467.49,   475.41
  604.01,   466.19,   600.56
  604.60,   465.02,   725.73
  607.23,   592.92,   476.95
  607.55,   591.41,   602.05
  608.30,   589.96,   727.00
  351.80,   349.56,   599.44
  350.15,   350.85,   724.56
  348.66,   352.09,   849.68
  354.25,   474.58,   598.18
  352.43,   476.07,   723.43
  350.90,   477.24,   848.51
  356.64,   599.48,   597.10
  355.37,   600.79,   722.48
  354.13,   602.02,   847.44
  476.64,   347.14,   600.84
  475.32,   348.35,   726.07
  474.13,   349.63,   851.21
  478.96,   472.00,   599.51
  477.63,   473.59,   724.70
  476.45,   475.03,   849.95
  481.39,   596.95,   598.38
  480.63,   598.18,   723.56
  479.48,   599.60,   848.61
  601.84,   344.59,   602.20
  600.89,   345.75,   727.60
  599.70,   346.94,   852.74
  604.24,   469.50,   600.97
  603.56,   471.04,   726.13
  602.35,   472.43,   851.28
  606.55,   594.75,   599.80
  606.02,   595.97,   724.74
  604.73,   597.25,   849.67
  349.67,   472.95,   101.54
  346.60,   475.54,   226.35
  343.97,   477.98,   351.06
  348.95,   597.95,    99.09
  345.90,   600.73,   223.78
  342.88,   603.15,   348.41
  348.39,   722.92,    96.47
  345.30,   725.80,   221.27
  341.69,   728.35,   345.92
  474.76,   473.92,   104.58
  471.81,   476.52,   229.42
  468.64,   478.99,   354.14
  474.03,   598.89,   102.12
  471.00,   601.85,   226.84
  467.53,   604.42,   351.46
  473.52,   723.81,    99.49
  470.29,   727.04,   224.15
  466.45,   729.97,   348.90
  600.25,   475.05,   107.51
  597.31,   477.40,   232.32
  593.73,   479.87,   357.18
  599.46,   599.91,   104.92
  596.51,   602.63,   229.74
  592.75,   605.39,   354.60
  598.46,   724.83,   102.26
  595.36,   727.87,   227.04
  591.81,   731.02,   351.94
  351.31,   476.59,   226.83
  351.35,   479.24,   351.57
  351.17,   482.06,   476.47
  352.00,   601.79,   224.06
  351.65,   604.43,   348.72
  351.28,   607.13,   473.67
  352.81,   726.86,   221.36
  351.85,   729.67,   346.04
  351.25,   732.26,   471.08
  476.58,   476.11,   227.22
  476.09,   478.80,   351.97
  475.62,   481.53,   476.91
  477.17,   601.43,   224.46
  476.39,   604.24,   349.12
  475.79,   606.85,   474.07
  477.85,   726.62,   221.57
  476.73,   729.80,   346.36
  476.09,   732.42,   471.42
  602.13,   475.55,   227.45
  601.26,   478.22,   352.35
  600.59,   481.04,   477.38
  602.75,   600.75,   224.67
  601.70,   603.71,   349.59
  600.89,   606.52,   474.66
  602.97,   725.96,   221.79
  602.15,   729.32,   346.73
  601.58,   732.11,   471.83
  348.14,   474.36,   350.99
  351.06,   477.65,   475.85
  353.52,   481.10,   600.94
  347.86,   599.52,   347.68
  350.61,   602.70,   472.58
  353.33,   605.98,   597.83
  347.49,   724.74,   344.52
  349.98,   727.82,   469.51
  353.11,   730.81,   594.82
  472.84,   474.42,   348.28
  475.49,   477.62,   473.16
  478.23,   481.01,   598.19
  472.57,   599.83,   344.95
  475.07,   602.92,   469.85
  478.07,   605.96,   595.03
  472.32,   725.37,   341.72
  474.77,   728.49,   466.72
  478.12,   731.00,   592.02
  598.00,   474.35,   345.51
  600.43,   477.63,   470.50
  603.47,   481.03,   595.58
  597.86,   599.81,   342.29
  600.14,   603.10,   467.31
  603.18,   606.28,   592.37
  597.70,   725.41,   338.96
  600.22,   728.70,   464.01
  603.14,   731.37,   589.11
  349.59,   475.34,   476.61
  346.62,   478.73,   601.70
  343.40,   482.18,   726.91
  351.16,   600.38,   473.43
  348.46,   603.60,   598.69
  345.81,   606.87,   724.03
  352.56,   725.49,   470.45
  350.26,   728.42,   595.77
  348.45,   731.35,   721.08
  474.01,   473.42,   479.41
  471.30,   476.78,   604.43
  468.54,   480.32,   729.58
  475.62,   598.68,   476.20
  473.19,   601.68,   601.38
  471.04,   604.84,   726.53
  477.35,   724.24,   473.17
  475.29,   726.66,   598.47
  473.68,   729.00,   723.62
  598.93,   471.53,   482.24
  596.56,   474.89,   607.32
  594.45,   478.40,   732.41
  600.66,   596.96,   479.16
  598.33,   600.08,   604.21
  596.40,   603.23,   729.09
  602.77,   722.52,   475.97
  600.28,   725.12,   601.06
  598.13,   727.60,   725.86
  350.83,   473.12,   601.01
  349.28,   473.53,   726.27
  348.03,   473.60,   851.34
  347.97,   598.03,   600.98
  346.94,   598.28,   726.37
  345.94,   598.40,   851.30
  345.09,   722.86,   601.04
  344.90,   722.79,   726.42
  344.38,   722.98,   851.17
  475.53,   475.81,   602.02
  474.47,   476.31,   727.22
  473.58,   476.66,   852.47
  472.70,   600.74,   601.94
  472.21,   600.89,   727.14
  471.32,   601.22,   852.18
  470.10,   725.71,   602.02
  470.17,   725.06,   727.22
  469.35,   725.33,   851.82
  600.79,   478.58,   603.17
  600.40,   479.04,   728.32
  599.45,   479.34,   853.48
  597.83,   603.79,   603.03
  597.60,   603.90,   727.98
  596.56,   604.11,   852.92
  595.10,   728.82,   602.87
  594.64,   728.26,   727.74
  593.62,   728.36,   852.48
  350.38,   600.79,   100.18
  349.56,   597.58,   224.88
  348.79,   594.01,   349.53
  349.19,   725.75,   103.56
  348.28,   722.64,   228.35
  346.92,   719.20,   353.01
  347.64,   850.65,   106.55
  346.58,   847.36,   231.80
  345.24,   844.04,   356.76
  475.49,   602.29,   101.03
  474.71,   599.26,   225.77
  473.49,   595.83,   350.41
  474.35,   727.22,   104.38
  473.29,   724.46,   229.06
  471.73,   721.37,   353.83
  472.80,   852.07,   107.47
  471.50,   849.19,   232.40
  470.06,   846.36,   357.57
  600.92,   603.90,   101.64
  600.27,   600.62,   226.48
  598.77,   597.35,   351.37
  599.28,   728.80,   104.97
  598.42,   725.85,   229.78
  597.13,   722.97,   354.70
  597.23,   853.78,   108.28
  596.41,   850.71,   233.11
  595.61,   848.10,   358.14
  350.56,   598.92,   225.35
  354.30,   598.91,   349.99
  358.00,   598.96,   474.91
  350.32,   724.02,   225.31
  353.46,   724.18,   349.96
  356.95,   724.13,   474.98
  349.66,   848.79,   225.22
  352.83,   849.05,   350.20
  356.39,   849.12,   475.30
  475.68,   599.57,   221.67
  478.99,   599.72,   346.30
  482.46,   599.68,   471.23
  475.32,   724.80,   221.45
  478.29,   725.32,   346.20
  481.74,   725.29,   471.23
  474.58,   849.56,   221.23
  477.67,   850.32,   346.40
  481.40,   850.39,   471.52
  601.22,   599.91,   217.79
  604.29,   600.20,   342.68
  607.54,   600.37,   467.73
  600.41,   725.14,   217.58
  603.67,   725.84,   342.48
  607.17,   725.98,   467.56
  599.37,   850.03,   217.36
  603.14,   850.95,   342.39
  607.06,   851.33,   467.33
  348.73,   598.98,   350.96
  348.82,   595.28,   475.89
  348.85,   591.72,   601.15
  345.38,   724.13,   354.67
  345.27,   720.31,   479.69
  345.72,   716.48,   605.03
  342.26,   848.90,   358.64
  342.17,   845.20,   483.71
  342.67,   841.31,   608.73
  473.40,   602.31,   351.01
  473.25,   598.50,   475.95
  473.57,   594.69,   601.13
  470.16,   727.81,   354.65
  470.01,   723.96,   479.70
  470.73,   719.58,   605.01
  467.04,   852.70,   358.63
  467.17,   848.93,   483.74
  467.99,   844.32,   608.74
  598.66,   605.34,   351.13
  598.29,   601.70,   476.18
  598.70,   597.99,   601.26
  595.55,   730.92,   354.67
  595.41,   727.23,   479.77
  595.71,   722.95,   604.89
  592.54,   855.96,   358.35
  592.80,   852.41,   483.33
  593.16,   847.68,   608.45
  351.29,   601.58,   473.05
  354.92,   602.00,   598.31
  358.62,   602.45,   723.64
  351.03,   726.74,   472.83
  355.09,   726.87,   598.16
  359.65,   726.93,   723.48
  351.28,   851.72,   472.87
  355.36,   851.80,   597.88
  359.82,   851.82,   722.69
  475.73,   601.50,   469.41
  479.63,   601.68,   594.60
  483.86,   602.03,   719.74
  475.80,   727.11,   469.14
  480.06,   726.74,   594.45
  484.78,   726.27,   719.60
  476.26,   852.18,   469.18
  480.64,   851.62,   594.16
  485.00,   850.76,   719.05
  600.78,   601.37,   465.96
  604.72,   601.69,   591.04
  609.16,   602.04,   715.94
  601.22,   727.01,   465.53
  605.04,   726.82,   590.64
  609.14,   726.56,   715.44
  601.90,   852.33,   465.04
  605.84,   851.77,   590.15
  609.45,   851.02,   715.10
  351.87,   600.68,   600.08
  353.66,   603.15,   725.44
  355.49,   605.53,   850.35
  353.28,   725.51,   597.90
  355.93,   727.61,   723.24
  358.23,   730.01,   847.96
  354.78,   850.42,   595.60
  357.33,   852.47,   720.42
  359.61,   855.07,   845.31
  476.62,   599.08,   598.30
  478.93,   601.45,   723.46
  480.85,   604.02,   848.47
  478.29,   724.10,   596.12
  481.12,   725.65,   721.29
  483.13,   728.07,   845.88
  480.10,   848.98,   593.81
  482.57,   850.12,   718.72
  484.31,   852.48,   843.39
  601.76,   597.80,   596.66
  604.29,   600.17,   721.58
  606.09,   602.60,   846.47
  603.29,   722.90,   594.24
  605.54,   724.64,   719.06
  607.35,   726.88,   843.77
  605.32,   847.83,   591.73
  607.06,   849.08,   716.69
  608.44,   851.43,   841.39
  474.16,   101.20,    98.08
  473.55,   101.65,   223.21
  472.80,   102.71,   348.27
  477.45,   226.14,    97.40
  476.53,   226.70,   222.46
  475.85,   227.71,   347.59
  480.52,   351.11,    96.89
  479.91,   351.59,   221.86
  479.39,   352.22,   346.85
  598.68,    97.77,    98.51
  598.24,    98.31,   223.46
  597.99,    99.10,   348.34
  602.10,   222.55,    98.00
  601.53,   223.11,   222.88
  601.01,   224.27,   347.76
  605.64,   347.72,    97.49
  605.16,   348.11,   222.33
  604.41,   348.75,   347.22
  723.12,    94.51,    98.95
  722.85,    95.23,   223.86
  722.91,    95.68,   348.59
  726.74,   219.03,    98.73
  726.52,   219.85,   223.24
  726.37,   220.70,   347.93
  730.84,   344.32,    98.11
  730.54,   344.68,   222.83
  729.58,   345.36,   347.55
  475.20,   100.93,   223.86
  475.98,   100.31,   348.90
  476.77,    99.54,   473.88
  476.64,   226.01,   224.75
  477.46,   225.37,   349.86
  478.50,   224.49,   474.87
  478.47,   350.93,   225.78
  479.46,   349.90,   350.77
  480.51,   348.92,   475.77
  599.91,    99.13,   222.57
  601.18,    98.25,   347.43
  602.24,    97.30,   472.36
  601.67,   223.97,   223.63
  602.66,   223.46,   348.50
  603.73,   222.70,   473.48
  603.75,   348.99,   224.71
  604.51,   347.97,   349.60
  605.49,   346.97,   474.64
  724.54,    97.60,   221.44
  726.12,    96.40,   346.16
  727.49,    95.04,   471.01
  726.70,   222.24,   222.45
  728.05,   221.43,   347.14
  729.12,   220.59,   472.01
  729.16,   347.11,   223.67
  729.71,   346.12,   348.39
  730.66,   344.99,   473.51
  474.48,   100.23,   348.88
  471.53,   103.89,   473.80
  468.89,   106.88,   598.76
  470.70,   225.20,   345.40
  468.03,   228.70,   470.34
  465.52,   231.66,   595.34
  467.45,   349.68,   341.85
  464.80,   353.07,   466.78
  462.08,   356.46,   591.76
  599.62,   103.54,   351.03
  596.92,   107.06,   475.91
  593.94,   110.19,   601.02
  595.81,   228.63,   347.68
  593.15,   232.23,   472.62
  590.56,   235.21,   597.83
  592.43,   353.06,   344.33
  589.68,   356.44,   469.30
  587.17,   359.80,   594.43
  724.57,   106.98,   353.32
  722.21,   110.12,   478.08
  719.01,   113.36,   603.25
  721.14,   231.93,   349.95
  718.45,   235.47,   474.82
  715.71,   238.62,   600.23
  717.55,   356.51,   346.77
  714.79,   359.75,   471.83
  712.50,   363.06,   597.17
  476.66,   101.40,   476.35
  475.47,   102.37,   601.37
  474.58,   103.06,   726.31
  475.92,   226.34,   475.00
  474.88,   227.23,   600.08
  473.93,   227.87,   725.23
  475.43,   350.78,   473.56
  474.20,   352.13,   598.61
  472.91,   353.42,   723.84
  602.13,   101.69,   477.08
  600.59,   102.81,   602.23
  599.29,   103.76,   727.53
  601.13,   227.04,   475.88
  599.99,   227.97,   601.16
  598.83,   228.60,   726.62
  600.41,   351.32,   474.69
  599.41,   352.63,   599.90
  598.53,   353.88,   725.28
  727.44,   101.92,   477.93
  725.72,   103.13,   603.11
  724.06,   104.60,   728.48
  726.52,   227.44,   476.68
  725.20,   228.56,   602.15
  723.76,   229.51,   727.82
  725.60,   351.82,   475.82
  724.79,   353.08,   601.25
  724.11,   354.35,   726.75
  476.53,   100.21,   599.99
  480.52,    98.47,   724.88
  484.33,    97.18,   849.68
  479.82,   225.02,   601.07
  483.79,   223.19,   726.19
  487.59,   221.87,   851.11
  483.02,   349.88,   601.98
  486.72,   348.68,   727.19
  490.54,   347.52,   852.30
  601.58,    96.76,   595.89
  605.15,    95.32,   721.10
  609.12,    93.94,   846.20
  604.85,   221.92,   597.18
  608.56,   220.10,   722.60
  612.29,   218.76,   847.59
  608.17,   346.52,   598.32
  612.22,   345.27,   723.68
  616.02,   344.01,   848.79
  726.63,    93.17,   591.87
  729.91,    92.24,   717.08
  734.22,    90.64,   842.68
  729.98,   218.65,   593.16
  733.36,   217.18,   718.78
  737.05,   216.02,   843.87
  733.41,   343.13,   594.70
  737.60,   341.91,   720.18
  741.29,   340.67,   845.00
  475.09,   225.19,   100.19
  477.43,   227.56,   225.21
  480.01,   230.37,   350.27
  472.21,   350.16,    97.92
  474.86,   352.45,   222.85
  477.62,   354.87,   347.79
  469.58,   475.06,    95.77
  472.48,   477.50,   220.64
  475.13,   479.80,   345.36
  599.75,   227.52,    97.47
  602.43,   229.86,   222.30
  605.17,   232.79,   347.12
  597.32,   352.69,    95.20
  600.12,   354.86,   220.00
  602.63,   357.27,   344.84
  594.95,   477.67,    92.89
  598.01,   479.87,   217.70
  600.28,   482.13,   342.56
  724.43,   229.89,    94.92
  727.47,   232.47,   219.36
  730.50,   235.11,   344.01
  722.49,   355.26,    92.48
  725.52,   357.32,   217.18
  727.79,   359.77,   341.87
  720.29,   480.52,    89.88
  723.40,   482.31,   214.68
  725.53,   484.53,   339.72
  475.64,   225.86,   225.21
  478.87,   229.77,   350.22
  482.35,   233.44,   475.14
  472.42,   350.71,   221.77
  475.85,   354.24,   346.66
  479.31,   357.81,   471.57
  469.41,   475.72,   218.49
  472.73,   479.13,   343.17
  476.03,   482.57,   468.02
  600.60,   228.74,   221.60
  603.99,   232.77,   346.38
  607.47,   236.56,   471.27
  597.65,   353.71,   218.22
  600.83,   357.22,   343.02
  604.20,   360.76,   467.97
  594.91,   478.67,   214.85
  597.86,   482.05,   339.66
  600.92,   485.57,   464.61
  725.60,   231.93,   217.96
  729.30,   235.68,   342.57
  732.74,   239.38,   467.38
  723.03,   356.75,   214.71
  725.97,   360.30,   339.35
  729.30,   363.71,   464.37
  720.29,   481.72,   211.13
  723.09,   485.02,   336.12
  726.21,   488.72,   461.22
  472.73,   224.61,   350.07
  474.82,   221.52,   475.03
  477.08,   217.82,   600.06
  475.03,   349.11,   353.18
  477.13,   345.91,   478.13
  479.20,   342.66,   603.15
  477.25,   473.99,   356.34
  479.21,   470.64,   481.25
  481.26,   467.51,   606.29
  597.90,   222.45,   347.62
  600.02,   219.48,   472.55
  602.17,   215.84,   597.76
  600.05,   346.92,   350.92
  602.09,   343.72,   475.91
  604.39,   340.43,   601.09
  602.38,   471.71,   354.22
  604.16,   468.44,   479.23
  606.55,   465.30,   604.33
  723.27,   220.17,   345.16
  725.41,   217.12,   469.97
  727.35,   213.67,   595.33
  725.23,   344.82,   348.62
  727.25,   341.47,   473.67
  729.70,   338.15,   599.05
  727.61,   469.54,   352.08
  729.48,   466.37,   477.22
  732.01,   463.18,   602.48
  473.25,   227.45,   474.66
  474.41,   226.68,   599.75
  475.66,   225.66,   724.91
  471.20,   351.89,   474.90
  472.14,   351.57,   599.97
  473.07,   351.18,   725.21
  468.90,   476.70,   475.16
  469.83,   476.46,   600.25
  470.72,   476.42,   725.46
  598.44,   229.73,   473.36
  599.51,   229.00,   598.64
  600.54,   227.98,   724.10
  596.14,   354.00,   473.86
  597.34,   353.65,   599.07
  598.65,   353.23,   724.46
  593.81,   478.83,   474.31
  595.06,   478.58,   599.45
  596.64,   478.51,   724.60
  723.80,   231.70,   471.99
  724.71,   231.16,   597.43
  725.47,   230.45,   723.11
  721.31,   356.06,   472.81
  722.70,   355.66,   598.24
  724.22,   355.27,   723.74
  719.16,   481.10,   473.48
  720.55,   480.86,   598.74
  722.29,   480.55,   723.88
  474.70,   223.67,   601.83
  476.10,   221.30,   726.97
  477.32,   219.46,   851.93
  472.56,   348.56,   603.39
  473.63,   346.82,   728.62
  474.84,   345.13,   853.76
  470.37,   473.45,   605.00
  471.39,   472.08,   730.20
  472.61,   470.54,   855.43
  599.80,   225.88,   600.61
  600.95,   223.51,   726.06
  602.10,   221.64,   851.06
  597.76,   350.52,   602.38
  599.21,   348.75,   727.77
  600.41,   346.97,   852.91
  595.64,   475.45,   604.08
  597.33,   474.04,   729.24
  598.50,   472.47,   854.39
  725.00,   227.92,   599.29
  725.86,   225.89,   724.94
  726.97,   224.20,   849.99
  723.12,   352.42,   601.43
  724.76,   350.69,   726.93
  725.81,   348.90,   851.75
  721.12,   477.59,   603.27
  723.00,   475.95,   728.40
  724.07,   474.09,   853.20
  475.05,   350.68,   100.63
  472.94,   350.21,   225.59
  470.94,   349.89,   350.57
  474.20,   475.63,   101.17
  472.31,   475.30,   226.06
  470.21,   474.84,   350.83
  473.66,   600.63,   101.66
  471.69,   600.65,   226.43
  469.28,   600.28,   351.10
  600.23,   351.47,   102.71
  598.21,   350.91,   227.54
  595.97,   350.59,   352.43
  599.69,   476.52,   103.07
  597.85,   475.94,   227.93
  595.34,   475.46,   352.83
  599.10,   601.41,   103.42
  597.23,   601.19,   228.29
  594.53,   600.98,   353.20
  725.52,   352.26,   104.80
  723.62,   351.67,   229.51
  721.15,   351.36,   354.25
  725.13,   477.60,   104.85
  723.24,   476.65,   229.74
  720.59,   476.16,   354.82
  724.41,   602.37,   104.97
  722.66,   601.69,   229.95
  720.10,   601.44,   355.32
  474.17,   349.84,   225.39
  472.02,   348.83,   350.37
  469.92,   347.87,   475.36
  474.54,   474.93,   226.56
  472.28,   473.77,   351.33
  470.05,   472.68,   476.27
  474.91,   600.28,   227.63
  472.35,   599.22,   352.30
  469.99,   597.97,   477.27
  599.44,   349.54,   227.48
  597.05,   348.53,   352.37
  594.88,   347.56,   477.40
  600.08,   474.56,   228.57
  597.41,   473.39,   353.47
  594.97,   472.36,   478.51
  600.46,   599.80,   229.63
  597.61,   598.90,   354.55
  595.03,   597.84,   479.63
  724.84,   349.29,   229.60
  722.23,   348.30,   354.33
  720.06,   347.19,   479.44
  725.46,   474.26,   230.54
  722.65,   473.09,   355.60
  720.32,   472.19,   480.77
  725.87,   599.29,   231.44
  723.17,   598.36,   356.81
  720.54,   597.75,   481.99
  472.76,   349.29,   349.35
  473.03,   349.98,   474.35
  473.25,   350.65,   599.42
  472.03,   474.23,   348.65
  472.15,   474.79,   473.60
  472.35,   475.55,   598.69
  471.11,   599.68,   347.96
  471.10,   600.11,   472.94
  471.56,   600.52,   598.18
  597.81,   350.00,   348.98
  598.01,   350.68,   474.03
  598.47,   351.31,   599.25
  597.19,   474.87,   348.42
  597.10,   475.50,   473.47
  597.61,   476.26,   598.62
  596.40,   600.38,   347.83
  596.17,   601.00,   472.92
  596.71,   601.51,   598.05
  723.02,   350.79,   348.57
  723.20,   351.33,   473.70
  723.84,   351.91,   599.14
  722.47,   475.58,   348.16
  722.47,   476.35,   473.36
  723.12,   477.10,   598.64
  721.99,   600.83,   347.69
  721.71,   601.89,   472.92
  721.97,   602.73,   597.91
  476.28,   349.49,   473.67
  477.17,   351.86,   598.72
  478.04,   354.18,   723.94
  477.16,   474.28,   471.21
  478.04,   476.73,   596.28
  478.92,   479.38,   721.46
  477.88,   599.59,   468.84
  479.01,   601.70,   594.05
  480.47,   603.96,   719.23
  601.26,   348.41,   472.69
  602.39,   350.73,   597.89
  603.66,   353.00,   723.27
  602.13,   473.19,   470.43
  603.31,   475.65,   595.56
  604.85,   478.26,   720.69
  602.98,   598.67,   468.18
  604.16,   600.92,   593.28
  605.82,   603.19,   718.21
  726.44,   347.28,   471.70
  727.75,   349.56,   597.12
  729.20,   351.84,   722.62
  727.48,   472.25,   469.66
  728.80,   474.70,   594.93
  730.47,   477.09,   720.06
  728.53,   597.75,   467.52
  729.43,   600.33,   592.51
  730.71,   602.54,   717.25
  475.97,   348.10,   598.08
  479.54,   346.77,   723.27
  483.26,   345.48,   848.40
  475.38,   472.99,   599.27
  478.93,   472.04,   724.43
  482.64,   470.94,   849.64
  474.90,   597.96,   600.68
  478.99,   596.67,   725.82
  482.70,   595.56,   850.82
  601.13,   348.49,   594.54
  605.07,   347.13,   719.89
  608.80,   345.74,   845.04
  600.59,   473.42,   595.85
  604.82,   472.42,   720.96
  608.55,   471.26,   846.08
  600.00,   598.69,   597.21
  604.36,   597.38,   722.11
  607.97,   596.13,   846.99
  726.42,   348.83,   591.05
  730.55,   347.50,   716.53
  734.18,   346.12,   841.40
  726.02,   473.98,   592.51
  730.39,   472.75,   717.63
  734.10,   471.31,   842.40
  725.20,   599.63,   593.73
  729.22,   598.22,   718.46
  732.78,   596.67,   843.13
  473.45,   473.25,    98.94
  477.30,   472.51,   223.80
  480.89,   471.64,   348.53
  475.14,   598.23,    99.81
  478.92,   597.85,   224.55
  482.21,   597.08,   349.18
  477.06,   723.20,   100.49
  480.59,   723.08,   225.15
  483.56,   722.69,   349.91
  598.82,   471.94,    95.14
  602.80,   470.95,   219.94
  606.02,   470.04,   344.80
  600.48,   596.81,    95.86
  604.45,   596.15,   220.67
  607.50,   595.52,   345.56
  601.94,   721.74,    96.53
  605.69,   721.38,   221.30
  608.95,   721.15,   346.21
  724.14,   470.87,    91.24
  728.17,   469.49,   216.05
  731.23,   468.56,   341.04
  725.69,   595.65,    91.73
  729.81,   594.48,   216.57
  733.03,   593.73,   341.91
  726.67,   720.35,    92.47
  730.70,   719.51,   217.34
  734.35,   719.12,   342.53
  473.96,   473.00,   224.31
  475.06,   473.29,   349.09
  476.16,   473.62,   474.04
  472.65,   598.34,   223.96
  473.46,   598.72,   348.64
  474.43,   598.93,   473.62
  471.43,   723.57,   223.49
  471.87,   724.31,   348.29
  472.81,   724.51,   473.37
  599.51,   474.34,   222.96
  600.22,   474.59,   347.88
  601.11,   475.00,   472.93
  598.22,   599.56,   222.60
  598.75,   600.10,   347.53
  599.50,   600.50,   472.62
  596.55,   724.80,   222.13
  597.28,   725.75,   347.09
  598.25,   726.12,   472.22
  724.93,   475.75,   221.57
  725.49,   475.99,   346.64
  726.46,   476.53,   471.84
  723.65,   600.77,   221.03
  724.33,   601.23,   346.41
  725.03,   602.06,   471.64
  721.59,   725.83,   220.71
  722.73,   726.63,   345.91
  723.74,   727.22,   471.13
  474.61,   474.42,   351.36
  473.50,   476.67,   476.30
  472.46,   479.11,   601.37
  478.01,   599.81,   349.02
  476.76,   601.93,   473.99
  476.00,   604.01,   599.21
  481.45,   725.35,   346.78
  480.16,   727.48,   471.85
  479.75,   728.99,   597.19
  599.72,   470.75,   352.44
  598.41,   473.07,   477.48
  597.70,   475.52,   602.60
  603.27,   596.17,   350.21
  601.80,   598.50,   475.28
  601.12,   600.72,   600.38
  606.82,   721.75,   347.87
  605.57,   724.04,   472.99
  604.72,   725.76,   598.11
  724.91,   467.18,   353.49
  723.72,   469.61,   478.67
  723.17,   472.04,   603.94
  728.80,   592.33,   351.38
  727.29,   595.09,   476.58
  726.33,   597.62,   601.56
  732.24,   717.64,   349.00
  730.98,   720.18,   474.21
  729.50,   722.69,   598.99
  476.04,   473.16,   474.65
  476.89,   473.12,   599.74
  477.72,   473.29,   724.95
  473.58,   598.45,   474.79
  474.69,   598.08,   600.03
  476.07,   597.90,   725.23
  471.22,   724.01,   475.11
  472.72,   723.07,   600.48
  474.65,   722.09,   725.68
  600.99,   475.28,   473.88
  602.16,   475.25,   599.03
  603.66,   475.36,   724.19
  598.64,   600.77,   474.14
  599.83,   600.49,   599.27
  601.47,   600.29,   724.22
  596.65,   726.37,   474.31
  597.72,   725.56,   599.47
  599.12,   724.70,   724.34
  726.33,   477.56,   473.13
  727.63,   477.51,   598.42
  729.28,   477.39,   723.56
  724.16,   603.08,   473.50
  725.06,   603.13,   598.49
  726.34,   602.83,   723.25
  722.13,   728.23,   473.55
  722.54,   728.21,   598.39
  722.99,   728.04,   722.92
  472.80,   475.11,   601.82
  474.98,   475.35,   727.01
  477.34,   475.43,   852.24
  470.75,   600.06,   602.06
  473.49,   599.94,   727.25
  475.84,   600.02,   852.27
  468.93,   725.04,   602.47
  472.23,   724.13,   727.65
  474.62,   724.13,   852.23
  598.03,   477.09,   599.74
  600.89,   477.28,   724.88
  603.23,   477.32,   850.03
  595.86,   602.32,   599.93
  598.87,   602.18,   724.87
  601.10,   602.12,   849.79
  593.92,   727.39,   600.09
  596.68,   726.58,   724.94
  598.90,   726.40,   849.66
  723.49,   479.21,   597.76
  726.50,   479.17,   722.89
  728.78,   478.92,   847.68
  721.06,   604.82,   597.78
  723.71,   604.60,   722.53
  725.88,   604.24,   847.27
  718.72,   729.89,   597.64
  720.53,   729.79,   722.15
  722.77,   729.23,   847.10
  473.52,   598.56,    99.30
  470.74,   598.65,   224.06
  467.53,   598.33,   348.71
  472.28,   723.52,    99.53
  469.28,   723.87,   224.22
  465.70,   723.90,   348.99
  470.72,   848.44,    99.51
  467.44,   848.62,   224.41
  463.97,   848.89,   349.60
  598.93,   600.26,   101.88
  596.26,   600.10,   226.73
  592.74,   599.95,   351.62
  597.22,   725.21,   102.08
  594.36,   725.37,   226.90
  591.04,   725.62,   351.82
  595.14,   850.24,   102.28
  592.28,   850.25,   227.08
  589.43,   850.75,   352.15
  724.22,   602.15,   104.24
  721.66,   601.52,   229.21
  718.28,   601.34,   354.55
  721.97,   726.87,   104.56
  719.38,   726.62,   229.52
  716.48,   726.75,   354.69
  719.12,   852.26,   105.00
  716.80,   851.63,   230.02
  714.82,   851.93,   354.75
  474.46,   601.24,   223.33
  472.03,   600.16,   347.99
  469.80,   598.90,   472.95
  476.11,   726.46,   224.31
  473.33,   725.74,   349.11
  471.06,   724.46,   474.18
  477.36,   851.21,   225.32
  474.73,   850.74,   350.54
  472.73,   849.54,   475.70
  600.00,   599.55,   225.17
  597.30,   598.63,   350.09
  594.84,   597.54,   475.16
  601.21,   724.80,   226.17
  598.72,   724.28,   351.11
  596.47,   723.16,   476.24
  602.21,   849.68,   227.19
  600.25,   849.42,   352.24
  598.40,   848.47,   477.25
  725.41,   597.84,   226.81
  722.85,   596.86,   352.18
  720.35,   596.23,   477.38
  726.26,   722.92,   227.95
  724.17,   722.26,   353.16
  721.93,   721.39,   478.36
  726.74,   847.95,   229.30
  725.59,   847.43,   354.05
  723.96,   846.85,   478.96
  473.88,   600.90,   349.00
  473.76,   598.20,   473.96
  474.11,   595.49,   599.17
  471.87,   726.46,   351.53
  471.73,   723.73,   476.61
  472.47,   720.45,   601.95
  469.96,   851.41,   354.40
  470.10,   848.76,   479.55
  470.95,   845.26,   604.58
  599.17,   602.70,   349.03
  598.82,   600.18,   474.11
  599.26,   597.57,   599.21
  597.28,   728.33,   351.47
  597.16,   725.76,   476.59
  597.48,   722.61,   601.74
  595.48,   853.43,   354.03
  595.77,   851.02,   479.04
  596.16,   847.42,   604.19
  724.75,   604.24,   349.05
  724.35,   602.17,   474.26
  724.51,   599.88,   599.23
  722.73,   729.62,   351.44
  722.64,   727.30,   476.63
  722.29,   724.95,   601.44
  720.87,   854.78,   353.76
  721.37,   852.77,   478.64
  720.91,   850.02,   603.81
  473.60,   599.33,   475.32
  470.36,   597.23,   600.50
  467.32,   595.34,   725.65
  474.13,   724.89,   477.38
  471.27,   722.21,   602.68
  468.83,   719.53,   727.83
  475.06,   849.96,   479.72
  472.30,   847.05,   604.71
  469.54,   843.96,   729.61
  598.63,   598.70,   479.02
  595.48,   596.69,   604.08
  592.75,   594.78,   728.99
  599.52,   724.29,   480.93
  596.25,   721.74,   606.02
  593.34,   719.17,   730.84
  600.71,   849.58,   482.75
  597.46,   846.57,   607.88
  593.98,   843.54,   732.78
  724.10,   598.11,   482.73
  720.71,   596.39,   607.65
  717.71,   594.35,   732.38
  724.93,   723.25,   484.53
  720.98,   721.51,   609.26
  717.21,   719.53,   733.76
  726.22,   848.71,   485.95
  722.09,   846.59,   611.05
  717.70,   844.33,   735.76
  475.59,   599.16,   600.46
  474.24,   600.85,   725.64
  472.50,   602.73,   850.66
  473.58,   724.15,   598.96
  472.78,   725.04,   724.16
  471.14,   726.81,   848.75
  471.69,   849.01,   597.33
  470.54,   849.52,   722.25
  468.70,   851.28,   846.93
  600.73,   601.62,   602.40
  599.63,   603.29,   727.32
  597.72,   605.04,   852.24
  598.59,   726.67,   600.66
  597.25,   727.67,   725.51
  595.39,   729.29,   850.23
  596.93,   851.53,   598.84
  595.09,   852.06,   723.82
  592.83,   853.79,   848.53
  725.94,   604.31,   604.31
  724.47,   605.89,   729.03
  722.48,   607.34,   853.79
  723.37,   729.38,   602.27
  721.09,   731.07,   726.77
  719.26,   732.29,   851.76
  721.70,   854.47,   600.39
  718.94,   855.77,   725.22
  716.90,   857.20,   850.25
  600.52,   101.53,   101.58
  600.78,   100.64,   226.52
  601.23,   100.00,   351.38
  603.41,   226.33,   102.50
  603.53,   225.48,   227.37
  603.71,   225.19,   352.25
  606.44,   351.51,   103.41
  606.62,   350.47,   228.24
  606.55,   349.66,   353.14
  724.97,    98.83,   101.30
  725.41,    98.11,   226.20
  726.18,    97.12,   350.91
  728.08,   223.39,   102.48
  728.57,   222.75,   227.00
  729.09,   222.15,   351.69
  731.68,   348.66,   103.30
  732.01,   347.59,   228.01
  731.73,   346.82,   352.75
  850.17,    96.45,   100.75
  850.34,    95.39,   226.18
  851.05,    94.32,   351.06
  853.29,   221.14,   101.57
  853.52,   220.26,   226.97
  854.08,   219.33,   351.76
  856.95,   345.73,   102.80
  857.28,   344.79,   227.83
  856.93,   344.24,   352.52
  599.03,   101.17,   226.82
  596.58,   105.17,   351.62
  593.89,   109.15,   476.49
  599.60,   225.98,   223.10
  596.87,   230.28,   347.91
  594.23,   234.31,   472.84
  600.52,   350.97,   219.39
  597.58,   354.74,   344.21
  594.84,   358.54,   469.18
  723.66,   100.89,   229.41
  721.58,   104.52,   354.00
  719.24,   108.08,   478.76
  724.65,   225.50,   225.65
  722.25,   229.52,   350.27
  719.58,   233.49,   475.13
  725.92,   350.33,   222.08
  722.75,   354.14,   346.75
  720.00,   357.80,   471.79
  848.59,   100.43,   232.33
  846.45,   103.98,   357.06
  844.09,   107.46,   481.76
  849.63,   225.26,   228.51
  847.30,   228.93,   353.18
  844.65,   232.58,   477.94
  851.22,   349.76,   224.80
  847.96,   353.80,   349.39
  845.03,   357.53,   474.50
  601.46,    99.73,   349.55
  604.20,   103.15,   474.41
  606.60,   106.24,   599.50
  603.31,   224.87,   346.27
  606.06,   228.43,   471.19
  608.85,   231.35,   596.40
  605.54,   349.34,   343.01
  608.19,   352.64,   467.99
  611.14,   355.92,   593.15
  726.37,    97.43,   346.67
  729.45,   100.42,   471.42
  731.70,   103.60,   596.51
  728.66,   222.40,   343.31
  731.41,   225.88,   468.12
  734.03,   228.99,   593.50
  730.72,   347.06,   340.20
  733.33,   350.23,   465.24
  736.43,   353.44,   590.62
  851.22,    95.20,   344.40
  854.23,    98.21,   469.17
  856.65,   101.45,   594.05
  853.63,   220.17,   340.96
  856.41,   223.28,   465.70
  858.99,   226.66,   590.88
  855.92,   345.02,   337.55
  858.32,   348.33,   462.59
  861.18,   351.39,   587.96
  600.71,    98.98,   474.67
  602.10,    97.50,   599.79
  603.71,    95.92,   725.06
  601.10,   224.36,   476.05
  602.88,   222.69,   601.32
  604.62,   220.73,   726.77
  601.77,   348.64,   477.45
  603.71,   347.35,   602.67
  605.76,   345.97,   728.07
  725.99,    97.82,   472.62
  727.22,    96.41,   597.77
  728.53,    95.34,   723.06
  726.49,   223.36,   473.91
  728.09,   221.90,   599.34
  729.51,   220.28,   724.99
  726.94,   347.76,   475.64
  729.06,   346.42,   601.07
  731.27,   345.08,   726.58
  850.82,    97.16,   471.26
  852.19,    95.83,   596.22
  853.42,    94.93,   721.02
  851.54,   222.30,   472.38
  853.10,   221.12,   597.63
  854.30,   219.77,   723.03
  851.97,   347.36,   473.93
  853.90,   345.85,   599.37
  856.02,   344.28,   724.71
  598.45,   100.07,   600.91
  600.98,   100.60,   726.17
  603.83,   101.25,   851.25
  599.38,   225.24,   600.26
  602.03,   225.44,   725.69
  604.69,   226.13,   850.69
  600.32,   349.90,   599.42
  603.29,   350.70,   724.79
  606.01,   351.49,   849.94
  723.57,    98.81,   597.97
  725.75,    99.87,   723.28
  728.97,   100.31,   848.91
  724.57,   224.28,   597.39
  726.93,   224.81,   723.04
  729.55,   225.67,   848.09
  725.65,   348.80,   596.93
  728.80,   349.62,   722.43
  731.41,   350.39,   847.27
  848.53,    98.02,   595.52
  850.62,    99.28,   720.35
  853.48,    99.78,   845.73
  849.58,   223.32,   594.77
  851.72,   224.13,   720.20
  854.51,   224.79,   845.43
  850.50,   348.06,   594.35
  853.54,   348.65,   719.69
  856.41,   349.50,   844.46
  599.97,   226.40,   100.14
  601.36,   229.06,   224.99
  602.81,   232.29,   349.83
  602.70,   351.57,    97.49
  604.22,   354.04,   222.30
  605.44,   356.74,   347.15
  605.53,   476.57,    94.78
  607.29,   479.03,   219.60
  608.25,   481.59,   344.49
  724.63,   223.65,    98.94
  726.41,   226.54,   223.42
  728.19,   229.49,   348.08
  727.90,   348.96,    96.17
  729.61,   351.37,   220.86
  730.61,   354.13,   345.56
  730.89,   474.27,    93.16
  732.66,   476.33,   217.99
  733.50,   478.87,   343.04
  849.86,   221.60,    96.84
  851.36,   224.28,   222.14
  853.19,   226.90,   346.91
  853.15,   346.25,    94.44
  854.90,   348.77,   219.47
  855.82,   351.77,   344.11
  855.81,   471.35,    91.63
  857.86,   473.46,   216.51
  858.61,   476.37,   341.54
  599.37,   226.29,   225.16
  598.17,   225.45,   350.04
  597.05,   224.36,   475.03
  601.11,   351.30,   226.59
  599.68,   349.95,   351.48
  598.48,   348.64,   476.53
  603.07,   476.31,   228.03
  601.37,   474.80,   352.94
  599.90,   473.43,   477.99
  724.44,   224.87,   226.16
  723.57,   223.75,   350.84
  722.44,   222.59,   475.74
  726.51,   349.74,   227.72
  724.87,   348.42,   352.46
  723.67,   346.96,   477.58
  728.45,   474.71,   229.01
  726.62,   473.20,   354.08
  725.25,   471.95,   479.27
  849.42,   223.71,   227.47
  848.61,   222.24,   352.23
  847.52,   220.73,   477.04
  851.83,   348.27,   228.90
  850.09,   347.17,   353.57
  848.70,   345.75,   478.74
  853.68,   472.97,   230.10
  851.75,   471.85,   355.16
  850.21,   470.65,   480.44
  601.09,   226.10,   349.96
  599.79,   229.09,   474.94
  598.55,   231.44,   600.19
  602.49,   350.58,   347.32
  601.10,   353.34,   472.34
  599.99,   356.07,   597.52
  604.08,   475.41,   344.68
  602.40,   478.15,   469.70
  601.32,   481.00,   594.82
  726.49,   224.56,   351.00
  725.17,   227.49,   475.88
  723.75,   230.02,   601.33
  727.68,   349.22,   348.52
  726.28,   351.84,   473.61
  725.36,   354.52,   599.03
  729.33,   473.97,   346.03
  727.75,   476.84,   471.20
  726.82,   479.69,   596.45
  851.52,   223.23,   352.62
  850.24,   225.81,   477.42
  848.76,   228.64,   602.68
  852.90,   348.13,   349.86
  851.31,   350.83,   474.99
  850.22,   353.31,   600.43
  854.46,   472.77,   347.33
  852.71,   475.68,   472.58
  851.61,   478.22,   597.92
  601.50,   226.42,   473.92
  599.20,   224.60,   599.18
  596.86,   222.48,   724.62
  604.53,   350.65,   475.55
  602.37,   349.22,   600.75
  600.32,   347.69,   726.12
  607.55,   475.44,   477.14
  605.47,   474.12,   602.26
  603.69,   472.96,   727.40
  726.85,   223.03,   475.84
  724.35,   221.40,   601.28
  721.68,   219.61,   726.91
  729.67,   347.38,   477.81
  727.69,   345.89,   603.23
  725.80,   344.39,   728.72
  732.86,   472.35,   479.62
  730.93,   471.00,   604.89
  729.31,   469.60,   730.01
  851.85,   219.56,   478.38
  849.31,   218.23,   603.61
  846.41,   216.70,   729.02
  854.64,   344.59,   480.17
  852.50,   342.91,   605.60
  850.55,   341.18,   730.94
  857.72,   469.44,   481.98
  855.63,   467.75,   607.32
  853.91,   466.11,   732.30
  598.75,   227.07,   598.66
  598.45,   228.59,   724.11
  598.15,   230.58,   849.14
  602.19,   351.66,   596.53
  602.18,   353.79,   721.91
  601.95,   355.92,   847.08
  605.53,   476.54,   594.36
  605.80,   479.01,   719.50
  605.56,   481.35,   844.63
  723.92,   223.63,   598.82
  723.32,   225.47,   724.49
  722.98,   227.65,   849.54
  727.51,   348.10,   597.07
  727.69,   350.24,   722.57
  727.33,   352.33,   847.44
  730.99,   473.19,   595.05
  731.39,   475.44,   720.18
  731.09,   477.49,   844.97
  848.91,   220.21,   599.22
  848.07,   222.32,   724.67
  847.97,   224.34,   849.90
  852.33,   344.89,   597.51
  852.42,   346.79,   722.87
  852.32,   348.97,   847.64
  855.71,   469.73,   595.54
  855.97,   471.72,   720.56
  855.80,   473.81,   845.04
  601.63,   348.67,    99.29
  604.38,   349.99,   224.10
  606.86,   351.55,   348.96
  601.57,   473.72,    97.78
  604.54,   475.02,   222.61
  606.77,   476.42,   347.49
  601.46,   598.58,    96.26
  604.45,   600.23,   221.09
  606.51,   601.92,   346.00
  726.84,   348.96,    96.66
  729.79,   350.22,   221.36
  732.05,   351.82,   346.05
  726.94,   474.31,    94.85
  729.93,   475.22,   219.69
  732.02,   476.60,   344.73
  726.71,   599.08,    93.10
  729.83,   600.23,   217.97
  732.08,   601.81,   343.34
  852.09,   349.15,    93.64
  855.11,   350.50,   218.65
  857.27,   352.34,   343.30
  851.87,   474.32,    92.01
  855.15,   475.24,   216.89
  857.16,   476.99,   341.92
  851.29,   599.30,    90.23
  854.54,   600.39,   214.92
  857.07,   601.73,   340.52
  600.91,   349.28,   223.86
  597.35,   352.63,   348.68
  594.00,   356.01,   473.65
  598.45,   474.24,   220.50
  594.64,   477.45,   345.33
  590.98,   480.79,   470.29
  595.74,   599.38,   217.12
  591.75,   602.89,   341.95
  587.95,   606.22,   466.94
  726.27,   352.24,   227.07
  722.47,   355.61,   351.75
  719.12,   358.84,   476.81
  723.80,   477.16,   223.55
  719.84,   480.34,   348.55
  716.28,   483.84,   473.66
  721.10,   602.12,   219.98
  717.25,   605.54,   345.27
  713.40,   609.30,   470.41
  851.54,   355.26,   230.31
  847.62,   358.87,   354.92
  844.09,   362.16,   480.06
  848.96,   479.92,   226.70
  844.92,   483.45,   351.72
  841.25,   486.99,   476.95
  845.81,   604.97,   222.90
  842.31,   608.17,   348.48
  838.58,   611.94,   473.83
  601.30,   348.22,   348.74
  604.08,   344.68,   473.70
  607.13,   341.07,   598.86
  599.26,   473.01,   352.47
  601.78,   469.40,   477.45
  604.90,   465.93,   602.52
  597.03,   598.46,   356.17
  599.43,   594.81,   481.19
  602.60,   591.11,   606.23
  726.48,   350.50,   345.83
  729.22,   346.81,   470.86
  732.42,   343.17,   596.21
  724.50,   475.22,   349.71
  727.09,   471.74,   474.82
  730.34,   468.22,   600.04
  722.59,   600.42,   353.54
  724.91,   597.22,   478.68
  727.80,   593.80,   603.60
  851.68,   353.04,   343.07
  854.20,   349.46,   468.12
  857.20,   345.64,   593.48
  849.63,   477.64,   346.90
  852.01,   474.25,   472.10
  855.04,   470.45,   597.38
  847.67,   602.34,   350.76
  850.03,   599.10,   476.10
  852.61,   595.82,   601.02
  601.28,   349.68,   474.13
  603.03,   350.35,   599.35
  604.91,   350.95,   724.74
  598.91,   474.48,   473.57
  600.72,   475.28,   598.71
  602.86,   476.23,   723.86
  596.51,   599.96,   473.01
  598.34,   600.52,   598.13
  600.62,   601.14,   723.08
  726.44,   351.79,   472.51
  728.37,   352.41,   597.94
  730.44,   353.04,   723.45
  724.25,   476.79,   472.16
  726.18,   477.58,   597.44
  728.47,   478.30,   722.58
  722.03,   602.31,   471.71
  723.56,   603.20,   596.70
  725.48,   603.74,   721.45
  851.45,   354.40,   470.99
  853.20,   354.83,   596.44
  855.19,   355.21,   721.78
  849.22,   479.25,   470.66
  850.95,   479.75,   596.01
  853.07,   480.24,   721.01
  847.20,   604.16,   470.35
  848.44,   605.22,   595.34
  849.97,   605.98,   719.90
  599.25,   349.56,   598.95
  601.84,   347.58,   724.32
  604.19,   345.58,   849.47
  595.60,   474.45,   600.91
  598.45,   472.83,   726.05
  600.78,   471.05,   851.20
  591.92,   599.61,   602.94
  594.92,   597.69,   727.87
  597.13,   595.84,   852.80
  724.55,   352.99,   596.89
  727.33,   351.06,   722.37
  729.56,   349.06,   847.22
  721.03,   478.13,   598.99
  724.05,   476.27,   724.11
  726.32,   474.21,   848.90
  717.08,   603.68,   600.85
  719.77,   601.64,   725.59
  721.93,   599.47,   850.34
  849.36,   356.78,   594.74
  852.07,   354.60,   720.07
  854.55,   352.69,   844.81
  845.80,   481.68,   596.93
  848.65,   479.59,   721.90
  851.04,   477.55,   846.36
  841.94,   607.14,   598.83
  844.21,   605.29,   723.37
  846.46,   603.02,   847.86
  601.13,   474.09,   100.78
  600.75,   476.76,   225.62
  599.65,   479.53,   350.50
  604.01,   598.91,    97.90
  603.64,   601.92,   222.74
  602.37,   605.00,   347.65
  606.67,   723.79,    94.97
  606.12,   727.08,   219.76
  605.09,   730.56,   344.70
  726.54,   471.72,   101.22
  726.12,   474.01,   226.08
  724.89,   476.77,   351.13
  729.29,   596.47,    98.11
  729.03,   598.98,   223.02
  727.93,   601.95,   348.39
  731.45,   721.14,    95.27
  731.14,   723.97,   220.18
  730.50,   727.27,   345.38
  851.55,   468.79,   101.75
  851.35,   471.13,   226.67
  850.01,   474.26,   351.70
  853.88,   593.76,    98.58
  853.77,   596.18,   223.37
  852.95,   598.93,   348.98
  856.22,   718.62,    95.57
  855.91,   721.39,   220.36
  855.59,   724.31,   346.11
  600.18,   476.36,   225.61
  603.08,   474.34,   350.47
  606.18,   472.47,   475.48
  603.92,   601.53,   227.40
  606.64,   599.78,   352.30
  609.61,   597.91,   477.36
  607.25,   726.73,   229.10
  610.22,   725.37,   354.02
  613.41,   723.42,   479.11
  725.50,   472.80,   221.98
  728.25,   470.77,   346.99
  731.44,   469.01,   472.13
  729.26,   597.75,   223.59
  732.15,   595.92,   348.93
  735.07,   594.49,   474.11
  732.24,   722.76,   225.43
  735.60,   721.24,   350.62
  738.76,   719.58,   475.81
  850.69,   469.09,   218.48
  853.33,   467.44,   343.45
  856.29,   465.78,   468.65
  853.94,   594.14,   219.84
  857.09,   592.09,   345.40
  860.04,   590.52,   470.78
  856.94,   719.34,   221.49
  860.60,   717.44,   347.23
  863.77,   715.82,   472.78
  600.75,   474.25,   350.23
  600.71,   473.80,   475.30
  601.28,   473.48,   600.45
  598.35,   599.74,   350.74
  598.18,   599.27,   475.84
  598.78,   598.71,   600.96
  595.96,   725.39,   351.14
  596.00,   724.87,   476.29
  596.49,   723.76,   601.45
  726.00,   476.57,   349.95
  726.05,   476.25,   475.15
  726.76,   475.91,   600.44
  723.92,   601.80,   350.57
  723.69,   601.78,   475.80
  724.01,   601.53,   600.79
  721.41,   727.20,   350.92
  721.48,   726.92,   476.14
  721.29,   726.61,   600.97
  851.14,   479.10,   349.62
  851.01,   478.85,   474.91
  851.53,   478.22,   600.27
  849.00,   603.84,   350.27
  848.85,   603.76,   475.70
  848.88,   603.69,   600.69
  846.54,   729.28,   350.76
  846.60,   729.14,   476.26
  846.11,   729.26,   600.93
  598.01,   475.54,   474.63
  595.19,   473.18,   599.71
  592.66,   470.98,   724.81
  594.23,   600.96,   477.11
  591.47,   598.34,   602.17
  589.12,   595.81,   727.08
  590.81,   726.51,   479.51
  587.96,   723.32,   604.63
  585.48,   720.11,   729.47
  723.29,   479.19,   477.93
  720.63,   476.80,   603.14
  718.31,   474.37,   728.22
  719.66,   604.67,   480.51
  716.64,   602.35,   605.43
  714.02,   599.70,   730.15
  716.21,   729.76,   482.78
  712.66,   727.36,   607.55
  709.30,   724.74,   732.06
  848.20,   482.95,   481.15
  845.40,   480.28,   606.44
  842.97,   477.63,   731.37
  844.77,   607.88,   483.87
  841.45,   605.78,   608.74
  838.44,   603.31,   733.23
  841.25,   733.20,   486.33
  837.35,   731.30,   610.85
  833.45,   729.22,   735.02
  598.94,   474.38,   600.01
  597.80,   475.31,   725.16
  596.14,   476.11,   850.32
  599.96,   599.64,   599.44
  598.99,   600.23,   724.39
  597.25,   600.91,   849.32
  601.18,   724.73,   598.83
  599.97,   724.67,   723.69
  598.26,   725.19,   848.43
  724.44,   473.29,   602.01
  723.48,   474.00,   727.15
  721.72,   474.51,   851.95
  725.21,   598.93,   601.28
  723.91,   599.43,   726.03
  722.09,   599.82,   850.79
  725.99,   724.05,   600.37
  723.87,   724.68,   724.88
  722.17,   724.82,   849.86
  849.25,   472.08,   603.86
  848.17,   472.55,   728.86
  846.53,   473.08,   853.32
  850.09,   597.56,   603.18
  848.45,   598.28,   727.74
  846.72,   598.57,   852.24
  850.83,   723.15,   602.36
  848.30,   724.28,   726.52
  846.71,   724.38,   851.49
  599.58,   600.59,    99.80
  598.30,   602.40,   224.66
  596.15,   604.26,   349.57
  598.49,   725.52,    98.06
  597.04,   727.64,   222.87
  595.10,   729.89,   347.81
  597.07,   850.57,    96.33
  595.56,   852.50,   221.10
  594.10,   854.97,   346.18
  724.89,   601.88,   100.79
  723.72,   603.22,   225.75
  721.73,   605.01,   351.11
  723.27,   726.60,    99.16
  722.06,   728.29,   224.11
  720.55,   730.40,   349.28
  721.10,   852.00,    97.67
  720.06,   853.31,   222.67
  719.46,   855.54,   347.43
  849.51,   602.97,   102.01
  848.50,   604.18,   226.87
  846.84,   605.73,   352.52
  848.03,   727.86,   100.21
  846.86,   729.40,   225.12
  845.68,   731.18,   350.83
  846.17,   853.56,    98.63
  845.03,   854.69,   224.20
  844.08,   856.50,   349.14
  600.00,   601.52,   225.23
  601.59,   603.71,   350.13
  603.42,   605.75,   475.21
  600.15,   726.75,   223.10
  601.96,   729.34,   348.03
  604.03,   731.35,   473.14
  600.09,   851.61,   220.99
  602.40,   854.42,   346.04
  604.88,   856.63,   471.00
  725.42,   600.86,   222.60
  727.18,   602.96,   347.96
  728.95,   605.44,   473.16
  725.18,   725.91,   220.63
  727.40,   728.34,   345.80
  729.49,   730.57,   470.99
  724.55,   850.95,   218.86
  727.69,   853.47,   343.62
  730.42,   856.06,   468.43
  850.18,   600.37,   220.02
  852.23,   602.22,   345.63
  854.07,   604.60,   471.05
  849.95,   725.58,   217.90
  852.50,   727.66,   343.60
  854.59,   729.99,   469.14
  849.56,   850.88,   216.61
  852.29,   853.04,   341.66
  854.72,   855.10,   466.59
  599.23,   600.08,   348.54
  596.00,   601.66,   473.60
  593.55,   603.13,   598.69
  599.13,   725.72,   346.89
  596.12,   727.29,   471.99
  593.56,   728.23,   597.13
  599.10,   850.83,   345.35
  596.49,   852.59,   470.34
  594.02,   853.13,   595.47
  724.78,   599.89,   351.40
  721.50,   601.92,   476.59
  718.78,   603.71,   601.53
  724.56,   725.28,   349.70
  721.58,   727.07,   474.87
  718.37,   728.79,   599.67
  724.41,   850.44,   347.94
  722.08,   852.56,   472.78
  718.82,   853.92,   597.94
  849.83,   599.69,   354.14
  846.65,   601.69,   479.52
  843.68,   603.67,   604.45
  849.67,   725.12,   352.57
  846.69,   727.05,   478.03
  843.16,   729.23,   602.62
  849.04,   850.51,   350.99
  846.45,   852.19,   475.91
  843.12,   854.17,   600.78
  600.57,   600.68,   475.30
  599.81,   600.70,   600.42
  599.49,   600.78,   725.37
  603.54,   726.26,   475.18
  602.63,   725.77,   600.33
  602.04,   725.21,   725.19
  606.79,   851.56,   474.98
  605.92,   850.64,   600.16
  604.78,   849.63,   725.13
  726.08,   598.06,   476.61
  725.04,   598.39,   601.60
  724.39,   598.38,   726.37
  728.97,   723.18,   476.41
  727.41,   723.50,   601.21
  725.93,   723.62,   725.73
  732.29,   848.62,   475.80
  730.61,   848.62,   600.96
  728.55,   848.45,   725.75
  851.18,   594.93,   477.85
  849.91,   595.41,   602.85
  848.93,   595.60,   727.43
  854.06,   720.26,   477.91
  852.23,   720.97,   602.56
  850.37,   721.58,   726.74
  856.60,   845.41,   477.36
  854.94,   845.93,   602.23
  852.92,   846.64,   726.71
  599.86,   598.92,   598.80
  597.65,   600.63,   723.71
  594.70,   602.42,   848.62
  597.19,   723.98,   597.00
  594.78,   725.01,   721.85
  591.87,   726.63,   846.54
  594.99,   848.85,   595.12
  592.09,   849.38,   720.08
  588.78,   851.09,   844.76
  725.05,   602.15,   601.81
  722.50,   603.77,   726.52
  719.44,   605.27,   851.25
  721.96,   727.21,   599.71
  718.62,   728.92,   724.20
  715.69,   730.18,   849.14
  719.76,   852.30,   597.75
  715.92,   853.61,   722.56
  712.77,   855.07,   847.54
  849.87,   604.73,   604.89
  846.94,   606.60,   729.37
  843.97,   607.99,   853.87
  846.72,   730.29,   602.84
  842.91,   732.55,   726.97
  840.10,   733.73,   851.96
  844.04,   855.18,   600.75
  840.14,   857.41,   725.32
  837.41,   858.75,   850.74
