27, 125, pa2-debug-e-output1.txt
  193.24,   193.16,   194.01
  404.58,   398.33,   207.01
   99.70,    97.95,    99.10
   99.74,    95.52,   224.56
   99.22,    93.13,   348.87
  100.19,   223.10,   101.45
  100.14,   221.69,   227.01
  100.03,   218.82,   351.61
  100.67,   348.84,   103.26
  100.44,   346.97,   228.11
  100.20,   344.03,   353.00
  224.72,    97.43,    98.89
  224.82,    95.50,   224.59
  224.55,    93.28,   349.11
  225.12,   222.20,   100.89
  225.13,   221.42,   226.88
  225.57,   219.09,   352.02
  225.61,   347.89,   102.56
  225.19,   345.54,   227.09
  225.15,   343.52,   353.20
  349.55,    98.07,    98.59
  349.69,    96.57,   223.51
  349.75,    93.81,   348.52
  350.06,   222.67,   100.74
  349.85,   221.57,   225.92
  350.67,   218.78,   350.80
  350.27,   346.72,   102.44
  350.07,   343.95,   227.06
  350.22,   342.50,   352.89
  100.52,    99.71,   227.68
   98.19,   102.47,   352.00
   96.04,   105.51,   476.52
  103.77,   225.86,   225.04
  101.80,   228.13,   349.61
   99.58,   230.54,   474.11
  106.93,   351.04,   220.97
  104.81,   353.31,   345.89
  102.86,   355.13,   471.00
  225.53,    96.91,   229.63
  223.48,    99.88,   354.21
  221.52,   102.79,   478.86
  228.70,   222.76,   226.82
  227.27,   225.49,   351.92
  225.36,   228.12,   476.89
  231.64,   346.72,   221.96
  229.67,   349.85,   347.99
  228.02,   352.12,   474.15
  350.36,    95.10,   230.46
  348.59,    97.47,   355.48
  346.67,    99.69,   480.44
  353.38,   220.10,   227.84
  352.33,   222.33,   352.68
  350.77,   224.58,   477.79
  356.45,   342.37,   223.96
  354.70,   345.98,   349.70
  353.02,   349.68,   475.48
   98.52,    98.89,   351.69
  100.11,   102.51,   476.24
  101.75,   105.91,   601.64
  102.26,   224.55,   348.74
  103.77,   227.56,   473.30
  105.23,   230.98,   598.45
  105.38,   349.73,   344.39
  107.12,   352.09,   469.56
  109.18,   354.90,   594.76
  223.79,    96.05,   350.20
  225.55,    99.51,   474.85
  227.41,   103.28,   600.05
  227.73,   221.74,   347.36
  229.56,   224.90,   472.26
  230.72,   228.05,   597.32
  230.25,   346.08,   342.76
  232.30,   348.93,   468.90
  234.40,   351.44,   594.17
  348.89,    93.51,   347.83
  350.67,    96.30,   472.79
  351.99,    99.72,   597.84
  352.74,   218.46,   344.42
  354.96,   221.14,   469.45
  356.10,   224.64,   594.74
  355.28,   341.96,   340.75
  357.30,   346.19,   466.50
  359.16,   349.98,   591.70
   98.89,   100.51,   475.09
   95.92,    96.95,   600.37
   92.22,    93.16,   726.10
   99.63,   225.55,   478.96
   96.47,   222.22,   604.09
   93.46,   219.69,   729.63
  100.11,   350.12,   482.06
   97.50,   346.52,   607.13
   95.29,   342.94,   732.56
  224.39,   100.42,   478.25
  221.66,    97.31,   603.40
  219.25,    94.38,   729.05
  225.44,   225.81,   482.55
  221.90,   222.22,   607.58
  217.87,   218.92,   732.55
  225.35,   349.75,   486.14
  222.83,   345.39,   611.27
  220.05,   340.60,   735.83
  349.59,   100.03,   480.68
  346.20,    96.70,   605.74
  343.10,    93.57,   730.50
  350.87,   224.93,   484.30
  347.28,   221.72,   609.57
  343.07,   219.31,   734.51
  350.35,   350.12,   488.30
  347.63,   346.83,   613.37
  344.60,   342.76,   738.01
   99.90,    97.97,   600.22
  102.73,    98.76,   726.07
  105.42,    99.49,   851.05
   97.62,   223.18,   599.80
  100.86,   224.56,   725.38
  103.64,   223.87,   849.99
   95.80,   347.56,   598.67
   99.96,   347.86,   724.20
  103.51,   348.02,   849.54
  225.54,   101.14,   596.90
  229.22,   102.32,   722.53
  232.42,   103.34,   847.29
  223.09,   226.02,   596.98
  225.44,   226.82,   721.94
  227.92,   226.59,   846.27
  221.09,   349.31,   596.59
  224.81,   348.70,   721.16
  227.56,   348.36,   845.59
  350.18,   103.33,   592.90
  353.03,   104.52,   717.75
  356.80,   105.80,   841.88
  348.50,   228.34,   592.63
  350.70,   229.97,   717.63
  353.66,   231.45,   841.96
  345.86,   353.57,   592.39
  349.27,   353.79,   717.04
  352.30,   353.70,   841.73
  100.79,   226.62,    99.74
   99.24,   231.09,   225.22
   97.63,   233.99,   349.74
  101.20,   352.30,    95.77
   99.52,   356.28,   220.53
   97.75,   359.13,   345.33
  102.12,   477.59,    92.21
  100.23,   481.47,   215.99
   98.01,   483.75,   341.21
  225.72,   225.86,   100.69
  224.21,   230.84,   226.54
  223.14,   234.26,   351.69
  226.15,   351.57,    96.67
  224.23,   354.85,   220.92
  222.57,   358.69,   346.94
  226.77,   476.84,    93.23
  224.69,   479.43,   216.25
  222.24,   483.36,   342.70
  350.63,   226.44,   102.05
  348.95,   230.94,   227.14
  348.24,   233.96,   352.04
  350.79,   350.50,    98.02
  349.09,   353.30,   222.47
  347.62,   357.69,   348.29
  350.81,   475.11,    94.56
  349.49,   477.18,   218.65
  347.31,   482.61,   344.47
   98.72,   224.30,   227.40
   98.70,   224.42,   351.99
   98.45,   224.78,   476.57
   96.26,   349.58,   225.56
   96.10,   349.59,   350.38
   96.08,   349.42,   475.41
   94.22,   474.75,   223.89
   93.64,   474.21,   349.05
   93.91,   473.92,   474.46
  223.67,   226.78,   227.13
  224.21,   227.44,   352.31
  224.28,   227.99,   477.31
  220.96,   350.90,   224.32
  220.95,   351.90,   350.42
  221.29,   351.99,   476.63
  218.66,   475.52,   222.37
  217.85,   476.59,   348.94
  218.28,   476.68,   475.64
  348.39,   229.58,   226.07
  349.28,   229.83,   351.01
  349.71,   230.06,   476.18
  345.82,   352.00,   224.17
  345.96,   353.59,   350.08
  346.27,   355.18,   475.96
  343.47,   475.96,   223.09
  342.87,   478.55,   349.06
  342.89,   480.71,   474.95
  101.82,   224.62,   349.48
  101.28,   225.10,   474.06
  100.70,   226.05,   599.26
  100.50,   349.83,   347.69
  100.19,   349.73,   472.79
  100.16,   350.30,   597.97
   99.33,   474.45,   346.19
   99.31,   474.21,   471.73
  100.14,   475.04,   597.04
  227.33,   226.29,   350.03
  227.11,   226.96,   475.03
  226.21,   227.61,   600.14
  225.39,   350.74,   348.02
  225.42,   351.01,   474.24
  225.51,   350.94,   599.53
  223.59,   475.45,   346.42
  223.68,   475.76,   473.12
  224.81,   475.13,   598.55
  352.41,   227.40,   349.04
  352.56,   227.70,   474.19
  351.64,   228.73,   599.54
  350.43,   351.12,   347.98
  350.43,   352.86,   473.84
  350.31,   354.01,   599.05
  348.66,   476.05,   346.86
  348.35,   478.44,   472.72
  348.74,   479.34,   597.79
   98.67,   226.22,   474.58
  102.09,   223.13,   599.78
  105.47,   220.46,   725.29
   98.99,   350.83,   477.46
  102.95,   347.26,   602.66
  107.27,   343.44,   728.08
   99.54,   475.25,   480.56
  104.39,   471.87,   605.85
  109.57,   468.78,   731.00
  224.48,   226.84,   471.65
  227.59,   223.43,   596.63
  230.14,   220.41,   721.56
  224.17,   350.84,   474.96
  228.23,   346.75,   600.14
  232.03,   342.30,   724.66
  223.84,   475.52,   477.98
  228.94,   470.85,   603.27
  233.97,   466.35,   727.45
  349.88,   226.32,   466.83
  353.01,   223.17,   592.03
  355.38,   220.91,   716.99
  349.14,   351.39,   470.57
  353.01,   348.48,   595.67
  356.56,   344.86,   720.30
  348.43,   476.96,   473.57
  352.78,   473.83,   598.53
  357.20,   469.10,   723.23
   98.49,   223.86,   600.96
   96.20,   220.98,   726.49
   93.55,   216.25,   851.05
   99.92,   348.08,   604.29
   98.46,   344.15,   729.70
   96.36,   340.16,   854.97
  101.95,   472.72,   607.97
  101.27,   469.68,   733.12
   99.74,   467.10,   858.63
  223.96,   223.46,   603.66
  220.69,   219.93,   728.63
  217.64,   215.04,   852.92
  225.25,   346.68,   607.61
  223.25,   341.65,   732.17
  220.24,   337.06,   856.51
  226.64,   470.71,   611.19
  225.90,   465.72,   735.40
  222.93,   462.11,   860.08
  349.36,   222.55,   604.85
  345.92,   219.88,   729.82
  343.46,   216.84,   854.03
  350.06,   347.72,   608.92
  347.80,   343.45,   733.58
  345.15,   339.14,   858.19
  350.51,   472.96,   612.25
  349.17,   467.50,   737.00
  346.62,   462.26,   862.20
   98.23,   349.25,    99.31
   97.13,   347.60,   224.21
   95.98,   344.80,   349.03
  100.90,   474.65,   101.20
   99.52,   472.72,   225.22
   97.94,   469.40,   350.50
  103.97,   599.72,   103.31
  101.94,   597.98,   227.30
  100.21,   593.99,   352.74
  223.17,   346.64,    99.55
  221.85,   344.48,   224.04
  220.90,   342.64,   350.11
  225.53,   471.88,   101.41
  223.96,   468.93,   224.87
  222.19,   467.29,   351.44
  228.39,   596.45,   103.91
  226.31,   594.89,   227.75
  224.58,   592.30,   354.23
  347.82,   343.82,   100.28
  346.71,   341.24,   224.87
  345.96,   339.90,   350.69
  349.66,   468.15,   102.29
  348.78,   464.95,   226.56
  347.23,   464.72,   352.55
  351.86,   593.20,   104.97
  351.37,   591.34,   229.70
  349.92,   590.87,   354.49
   98.82,   351.15,   224.03
   95.97,   348.95,   348.86
   93.25,   346.55,   473.80
  102.10,   476.26,   224.47
   98.83,   473.55,   349.80
   96.45,   471.01,   475.24
  105.41,   601.54,   226.04
  102.00,   598.14,   351.53
   99.76,   595.64,   477.14
  223.48,   347.09,   225.56
  220.83,   345.87,   351.64
  218.47,   343.74,   477.77
  226.48,   471.54,   225.89
  223.03,   470.52,   352.45
  220.82,   468.37,   479.09
  229.74,   597.51,   228.27
  226.35,   595.54,   354.71
  224.06,   593.42,   480.83
  348.30,   342.94,   228.12
  345.86,   342.24,   353.95
  343.52,   341.47,   479.75
  351.26,   466.67,   229.29
  348.03,   467.10,   355.25
  345.42,   467.00,   481.12
  354.78,   593.09,   231.89
  351.66,   593.24,   356.60
  348.72,   592.57,   481.45
   99.38,   351.60,   350.64
   96.57,   347.11,   475.62
   93.98,   343.46,   600.65
   96.47,   476.09,   353.56
   93.98,   471.54,   478.91
   92.24,   468.33,   604.01
   93.90,   600.65,   357.15
   91.54,   596.22,   482.52
   90.16,   593.62,   607.77
  224.19,   354.21,   353.60
  221.76,   350.02,   479.75
  219.32,   345.53,   604.93
  220.64,   478.88,   356.49
  218.36,   474.58,   483.04
  217.05,   469.44,   608.31
  218.21,   603.81,   360.83
  215.87,   599.50,   486.85
  214.48,   595.18,   611.65
  349.17,   356.32,   356.19
  346.71,   353.61,   481.97
  344.11,   350.21,   607.07
  345.62,   481.37,   359.47
  342.90,   479.10,   485.24
  340.91,   475.28,   610.22
  343.58,   607.51,   362.82
  340.53,   604.46,   487.60
  337.95,   600.14,   612.69
  101.69,   348.17,   475.01
  100.16,   351.12,   600.10
   99.11,   354.10,   725.50
   98.51,   472.58,   471.47
   97.82,   475.89,   596.68
   97.53,   480.00,   721.88
   95.47,   597.22,   468.32
   95.05,   601.13,   593.66
   94.98,   606.16,   718.69
  226.87,   351.76,   477.87
  225.46,   354.03,   603.09
  224.00,   355.78,   727.64
  222.85,   476.43,   474.31
  222.50,   478.16,   599.69
  222.23,   480.19,   723.89
  219.81,   601.35,   471.30
  219.28,   603.91,   596.27
  218.74,   606.92,   720.09
  351.80,   356.00,   478.91
  350.17,   359.50,   604.05
  348.39,   361.99,   728.69
  347.45,   481.48,   475.34
  346.35,   484.68,   600.34
  345.38,   486.24,   725.06
  344.62,   606.88,   470.91
  342.92,   609.53,   595.91
  341.38,   611.28,   721.37
  101.95,   348.94,   602.21
  105.13,   348.26,   727.70
  107.59,   347.62,   852.98
  100.02,   473.73,   602.32
  104.02,   473.97,   727.58
  107.14,   474.62,   853.00
   97.66,   599.11,   602.85
  101.88,   600.38,   727.80
  105.04,   600.44,   852.15
  227.24,   351.57,   600.95
  229.96,   350.07,   725.52
  231.67,   348.91,   849.96
  224.63,   475.70,   601.07
  228.55,   474.32,   725.31
  230.42,   474.03,   849.94
  221.79,   601.47,   601.13
  225.46,   601.00,   724.96
  227.63,   600.77,   848.98
  351.96,   356.62,   597.70
  354.41,   355.91,   722.39
  356.46,   354.95,   847.13
  348.45,   481.88,   597.53
  351.71,   480.17,   722.29
  354.01,   478.17,   847.59
  345.37,   606.77,   596.61
  348.11,   605.09,   722.12
  350.83,   603.82,   847.66
  101.87,   476.24,    98.77
   98.26,   478.87,   222.72
   94.41,   479.99,   347.92
  100.72,   601.20,    96.41
   96.52,   604.17,   220.35
   92.54,   604.71,   345.50
   98.99,   726.15,    93.80
   94.58,   729.44,   218.52
   90.80,   730.19,   343.30
  226.47,   477.80,   101.21
  222.64,   479.42,   224.59
  218.57,   482.20,   351.12
  225.20,   602.35,    99.32
  220.80,   605.53,   222.99
  216.84,   607.25,   349.47
  223.90,   727.67,    97.46
  218.97,   732.25,   222.26
  215.66,   733.74,   348.22
  350.55,   478.31,   104.32
  347.41,   479.76,   228.60
  343.55,   484.12,   354.48
  348.54,   603.56,   102.52
  345.82,   606.43,   227.28
  342.23,   610.27,   351.95
  347.01,   729.38,   100.88
  344.32,   734.69,   226.29
  341.61,   736.88,   349.93
  101.34,   475.50,   224.03
  101.55,   472.04,   349.34
  102.68,   468.69,   474.92
  104.71,   600.76,   226.26
  104.77,   596.60,   351.80
  106.03,   593.29,   477.57
  107.90,   726.04,   229.31
  108.20,   722.16,   354.71
  109.51,   718.58,   480.71
  225.78,   470.76,   221.87
  225.81,   468.96,   348.42
  227.04,   466.17,   475.10
  229.09,   596.73,   224.92
  229.17,   594.01,   351.35
  230.33,   591.22,   477.46
  232.44,   723.58,   228.95
  233.32,   720.28,   354.82
  234.43,   716.47,   480.26
  350.58,   465.82,   221.74
  350.86,   465.41,   347.68
  351.71,   464.70,   473.55
  354.13,   592.20,   225.06
  354.53,   591.59,   349.77
  355.06,   590.32,   474.56
  357.92,   720.49,   228.82
  359.17,   718.24,   352.17
  359.49,   715.16,   475.63
   98.83,   474.56,   350.18
   99.77,   476.41,   475.69
  101.58,   479.32,   600.99
  101.32,   599.21,   347.39
  102.34,   601.05,   473.12
  104.44,   604.52,   598.49
  103.98,   724.83,   345.02
  105.05,   726.40,   470.98
  106.59,   730.11,   596.46
  223.08,   472.25,   349.57
  224.12,   474.60,   476.22
  226.19,   476.07,   601.58
  225.72,   597.31,   347.30
  226.69,   599.65,   473.47
  228.54,   601.90,   598.41
  229.05,   723.73,   345.58
  230.03,   725.02,   471.15
  230.56,   728.05,   595.49
  348.13,   469.47,   349.13
  348.77,   473.93,   474.96
  350.08,   476.93,   599.96
  351.10,   595.59,   346.07
  351.48,   599.48,   470.78
  352.21,   601.91,   595.77
  354.96,   722.33,   343.48
  355.22,   724.34,   466.87
  354.65,   726.32,   591.82
  100.10,   472.59,   476.80
  101.69,   470.38,   602.10
  103.62,   468.68,   727.33
   98.78,   597.28,   479.22
  100.72,   595.76,   604.58
  102.92,   595.06,   729.47
   97.61,   722.50,   482.08
   99.06,   721.38,   607.58
  100.54,   721.54,   731.73
  224.48,   474.74,   477.48
  226.37,   471.11,   602.85
  228.25,   467.68,   727.12
  223.14,   599.74,   479.89
  224.88,   596.85,   604.79
  226.58,   594.32,   728.66
  222.46,   725.05,   482.77
  222.90,   723.18,   607.02
  223.45,   721.67,   730.61
  349.12,   478.10,   476.33
  350.28,   475.96,   601.37
  351.52,   472.20,   726.14
  347.92,   603.59,   477.30
  348.49,   600.85,   602.38
  349.29,   597.09,   727.92
  347.62,   728.33,   478.61
  346.84,   725.32,   603.71
  346.40,   722.64,   730.12
  102.06,   474.16,   600.62
  104.57,   470.83,   725.81
  106.21,   467.95,   851.21
   99.86,   599.53,   604.69
  102.64,   597.23,   729.54
  104.35,   593.81,   853.93
   97.01,   725.11,   609.28
   99.03,   723.70,   733.40
  100.07,   719.50,   856.26
  226.68,   476.17,   600.83
  229.15,   471.17,   725.06
  229.58,   467.23,   849.69
  224.00,   601.86,   604.40
  226.25,   597.75,   728.21
  226.93,   593.94,   852.28
  220.79,   728.13,   608.25
  221.91,   725.08,   731.76
  223.42,   720.48,   855.02
  350.54,   482.25,   598.80
  352.37,   476.93,   723.56
  353.21,   471.38,   848.81
  347.58,   607.03,   601.41
  348.92,   601.73,   726.94
  350.19,   596.89,   852.42
  344.72,   731.43,   604.42
  344.82,   727.24,   730.77
  347.08,   723.71,   855.71
  101.23,   601.45,    99.43
  103.88,   602.02,   223.29
  106.73,   600.21,   348.80
  103.83,   726.50,    99.14
  106.17,   727.35,   223.92
  109.24,   725.91,   349.30
  104.49,   850.25,    98.98
  108.00,   854.05,   223.48
  111.48,   853.19,   348.86
  225.71,   598.15,    95.63
  228.25,   598.90,   219.13
  231.16,   598.55,   345.51
  228.64,   723.42,    95.98
  230.66,   725.75,   220.76
  234.36,   725.02,   346.58
  230.13,   848.49,    95.90
  233.34,   852.79,   220.22
  237.15,   852.18,   345.52
  348.88,   595.20,    91.81
  353.22,   595.21,   216.55
  356.54,   596.95,   341.20
  351.66,   720.59,    92.26
  356.00,   723.54,   217.96
  360.22,   723.80,   341.37
  354.71,   846.03,    92.30
  358.53,   849.88,   217.97
  363.02,   848.89,   341.41
  100.39,   599.37,   224.77
   96.33,   598.38,   350.10
   93.38,   598.30,   475.56
   97.99,   724.64,   224.51
   94.14,   723.84,   349.46
   91.31,   723.43,   475.16
   94.96,   851.06,   223.51
   91.41,   850.90,   348.47
   88.34,   850.36,   474.16
  224.69,   601.09,   227.63
  220.64,   601.39,   354.11
  217.71,   601.57,   480.25
  222.40,   727.90,   228.40
  219.05,   727.74,   354.38
  216.05,   726.94,   480.06
  220.38,   854.97,   226.88
  217.03,   855.04,   352.34
  213.56,   853.67,   478.07
  349.74,   602.46,   232.00
  346.01,   604.87,   356.67
  342.43,   606.38,   481.44
  347.83,   730.75,   232.49
  344.96,   731.38,   356.04
  341.18,   731.12,   479.73
  345.65,   856.81,   231.47
  342.95,   856.43,   355.14
  338.81,   855.36,   479.16
  100.32,   599.02,   351.30
   97.56,   599.18,   476.86
   95.82,   601.12,   602.12
   96.98,   724.51,   350.41
   94.31,   724.36,   476.16
   92.11,   726.50,   601.69
   93.12,   851.55,   349.05
   90.19,   851.27,   474.74
   87.57,   852.26,   600.83
  224.67,   603.26,   355.10
  221.89,   603.73,   481.20
  220.00,   604.20,   606.07
  221.93,   729.59,   355.06
  219.07,   729.06,   480.68
  215.87,   730.50,   604.99
  218.72,   856.81,   352.68
  215.39,   855.69,   478.41
  211.39,   856.08,   603.55
  350.05,   607.94,   357.42
  346.60,   609.73,   482.11
  343.51,   610.17,   607.21
  347.83,   734.41,   356.49
  344.18,   734.37,   480.13
  339.73,   734.70,   605.25
  344.62,   859.29,   355.32
  340.62,   858.50,   479.35
  335.96,   858.96,   604.57
  101.48,   599.32,   474.52
  104.50,   601.25,   599.93
  107.78,   603.99,   724.71
   98.89,   724.59,   473.77
  101.36,   726.87,   599.37
  103.86,   730.70,   723.51
   95.53,   851.60,   472.11
   97.42,   852.85,   598.11
   99.05,   856.84,   721.92
  225.83,   603.26,   473.94
  228.56,   604.02,   598.86
  231.24,   605.09,   722.75
  223.78,   728.61,   473.31
  225.24,   730.16,   597.63
  226.66,   732.45,   721.28
  220.83,   855.27,   470.95
  221.55,   855.64,   596.11
  222.04,   860.57,   720.05
  350.66,   608.48,   470.15
  352.21,   609.36,   595.16
  353.94,   609.21,   720.80
  349.01,   733.25,   468.06
  349.29,   733.73,   592.97
  349.71,   734.66,   719.44
  346.21,   857.38,   467.16
  346.27,   857.83,   592.23
  346.52,   860.70,   718.22
  103.32,   597.11,   598.99
  107.66,   600.92,   723.79
  110.86,   603.75,   847.96
  103.91,   722.68,   597.34
  107.48,   727.55,   721.42
  110.14,   730.11,   844.16
  103.69,   848.76,   594.90
  106.28,   853.89,   718.72
  108.31,   858.19,   840.25
  227.42,   596.01,   597.00
  231.19,   598.16,   720.87
  233.52,   600.60,   844.88
  227.85,   722.18,   594.55
  230.34,   725.47,   718.20
  233.29,   727.39,   841.69
  227.95,   847.69,   591.86
  229.43,   853.43,   715.82
  232.56,   858.15,   839.92
  351.08,   597.70,   592.40
  353.95,   598.65,   717.88
  356.78,   599.92,   843.48
  351.93,   722.15,   588.87
  353.45,   724.00,   715.28
  356.87,   726.66,   840.77
  352.71,   846.23,   586.73
  353.86,   849.78,   712.93
  357.65,   853.63,   838.31
  223.85,    97.78,    99.03
  227.28,    97.93,   224.73
  230.40,    97.82,   349.26
  226.00,   222.52,    98.92
  229.30,   223.81,   224.85
  233.09,   223.50,   349.95
  228.22,   348.27,    98.59
  231.12,   347.83,   222.97
  234.36,   347.87,   349.04
  348.62,    96.65,    95.40
  352.07,    97.26,   220.30
  355.51,    96.57,   345.27
  350.92,   221.21,    95.48
  353.95,   222.21,   220.61
  358.08,   221.45,   345.42
  352.84,   345.46,    95.20
  355.93,   344.52,   219.69
  359.37,   345.07,   345.41
  473.31,    94.56,    92.39
  476.90,    95.30,   216.78
  480.57,    94.70,   341.61
  475.69,   219.19,    92.78
  478.56,   219.71,   217.14
  482.89,   219.09,   341.59
  477.65,   342.71,    92.37
  480.70,   341.56,   216.97
  484.37,   342.60,   341.70
  226.92,   100.90,   227.36
  223.21,   102.65,   351.93
  219.54,   104.31,   476.53
  229.93,   226.72,   225.68
  226.81,   228.23,   350.83
  223.22,   229.65,   475.80
  232.75,   350.66,   222.08
  229.07,   352.62,   348.13
  225.74,   353.66,   474.31
  351.69,    99.29,   229.83
  348.29,   100.37,   354.80
  344.67,   101.33,   479.74
  354.59,   224.13,   228.38
  351.84,   225.18,   353.25
  348.60,   226.25,   478.38
  357.53,   346.42,   225.78
  354.07,   348.89,   351.54
  350.71,   351.37,   477.32
  476.54,    96.37,   233.19
  473.32,    97.52,   358.00
  469.45,    98.39,   482.93
  479.23,   220.67,   231.79
  476.70,   221.85,   356.25
  473.55,   223.04,   481.24
  482.30,   342.57,   229.95
  479.08,   345.58,   354.71
  475.67,   348.80,   479.94
  224.63,    99.76,   349.22
  226.20,   101.96,   473.86
  227.86,   104.48,   599.07
  228.42,   225.39,   347.51
  230.09,   227.33,   472.47
  231.08,   229.25,   597.56
  230.84,   349.75,   344.14
  232.72,   351.38,   470.34
  234.68,   352.67,   595.64
  349.74,    97.32,   346.93
  351.35,    98.82,   471.89
  352.46,   101.01,   596.98
  353.44,   222.19,   344.72
  355.48,   223.69,   469.80
  356.46,   225.97,   595.12
  355.86,   345.74,   342.30
  357.72,   348.79,   468.09
  359.42,   351.35,   593.30
  474.80,    94.29,   344.96
  476.21,    95.71,   469.89
  476.83,    97.65,   595.06
  478.28,   218.66,   342.57
  480.46,   220.29,   467.50
  481.32,   222.52,   593.03
  480.88,   342.10,   340.33
  482.74,   345.85,   465.51
  484.22,   348.83,   590.94
  225.65,    99.35,   473.48
  226.28,    99.83,   598.71
  227.05,   100.42,   724.42
  228.51,   224.81,   474.20
  228.39,   224.73,   599.31
  227.74,   224.98,   724.33
  230.12,   348.87,   474.16
  230.96,   348.12,   599.45
  231.65,   346.91,   724.06
  350.84,    97.33,   472.58
  350.86,    97.50,   597.70
  350.93,    98.00,   722.55
  353.95,   222.24,   472.57
  353.80,   222.50,   597.91
  352.99,   223.61,   722.97
  355.15,   347.39,   472.94
  355.77,   347.85,   598.16
  356.14,   347.50,   722.91
  475.74,    95.31,   471.61
  475.23,    95.25,   596.82
  475.07,    95.74,   721.73
  478.96,   219.92,   471.29
  478.69,   220.12,   596.85
  477.85,   220.91,   722.29
  480.17,   345.59,   471.39
  480.57,   346.47,   596.86
  480.69,   346.29,   722.26
  225.74,   102.04,   601.00
  226.28,   103.00,   726.70
  226.32,   103.76,   851.49
  223.06,   226.87,   601.21
  222.27,   227.44,   726.23
  221.65,   226.79,   850.57
  220.91,   350.12,   600.96
  221.51,   349.24,   725.58
  221.10,   348.74,   850.06
  350.39,   104.43,   600.11
  350.16,   105.44,   725.01
  350.87,   106.53,   849.20
  348.48,   229.46,   600.00
  347.55,   230.90,   725.03
  347.46,   232.03,   849.38
  345.70,   354.65,   599.88
  346.00,   354.52,   724.58
  345.87,   354.18,   849.31
  474.90,   106.81,   599.33
  474.44,   107.73,   724.31
  475.65,   108.48,   848.28
  473.39,   231.93,   599.06
  472.46,   233.12,   724.46
  473.03,   234.85,   848.60
  470.43,   358.29,   598.67
  470.52,   358.43,   724.02
  470.70,   358.42,   849.22
  226.19,   223.66,   100.71
  225.15,   227.94,   226.61
  224.55,   230.66,   351.76
  225.28,   349.37,    97.38
  223.82,   352.00,   221.70
  222.65,   355.10,   347.74
  224.57,   474.68,    94.58
  222.92,   476.58,   217.68
  220.95,   479.79,   344.17
  351.12,   225.57,   101.58
  349.88,   229.39,   226.69
  349.64,   231.70,   351.60
  349.93,   349.65,    98.24
  348.68,   351.77,   222.72
  347.69,   355.43,   348.56
  348.62,   474.25,    95.46
  347.73,   475.66,   219.56
  346.01,   480.36,   345.44
  475.86,   226.66,   103.12
  474.57,   229.99,   227.50
  474.54,   232.45,   352.01
  474.75,   349.89,    99.73
  473.54,   351.89,   224.32
  472.76,   356.15,   349.18
  473.52,   474.20,    96.80
  472.83,   475.83,   221.54
  471.46,   481.21,   346.14
  225.24,   225.75,   225.03
  228.02,   222.71,   350.16
  230.34,   219.57,   475.05
  223.58,   349.83,   225.98
  225.83,   347.11,   352.07
  228.42,   343.58,   478.19
  222.26,   474.38,   227.79
  223.72,   471.80,   354.37
  226.41,   468.21,   480.98
  349.93,   227.59,   221.81
  353.05,   224.17,   346.66
  355.77,   220.59,   471.70
  348.43,   349.96,   223.66
  350.85,   347.84,   349.48
  353.42,   345.72,   475.24
  347.11,   473.87,   226.33
  348.76,   472.77,   352.25
  351.03,   471.29,   478.05
  474.58,   228.54,   219.34
  477.90,   225.29,   343.82
  480.76,   221.91,   468.73
  473.26,   350.42,   221.96
  475.87,   348.88,   346.78
  478.40,   347.55,   471.96
  472.22,   474.37,   224.98
  474.19,   473.94,   349.58
  476.21,   473.53,   474.39
  227.54,   226.24,   353.08
  229.14,   226.05,   478.06
  230.05,   225.86,   603.16
  226.05,   350.69,   351.98
  227.92,   350.10,   478.18
  229.82,   349.22,   603.42
  224.69,   475.42,   351.29
  226.64,   474.85,   477.95
  229.60,   473.40,   603.31
  352.61,   226.89,   350.27
  354.58,   226.33,   475.40
  355.48,   226.50,   600.72
  351.09,   350.64,   350.10
  352.92,   351.52,   475.92
  354.61,   351.84,   601.10
  349.76,   475.60,   349.86
  351.29,   477.13,   475.68
  353.49,   477.21,   600.71
  477.48,   227.24,   348.08
  479.59,   226.87,   473.08
  480.38,   226.99,   598.64
  476.15,   350.91,   348.07
  477.93,   352.60,   473.31
  479.39,   353.38,   598.74
  475.21,   475.99,   347.88
  476.51,   478.58,   472.69
  478.11,   479.26,   598.06
  224.69,   224.69,   478.02
  225.97,   221.53,   603.07
  226.73,   218.75,   728.05
  227.70,   348.63,   481.08
  229.96,   344.80,   606.26
  231.94,   340.55,   730.82
  230.64,   473.29,   483.83
  233.97,   468.88,   609.07
  237.18,   464.58,   733.29
  350.11,   220.82,   474.90
  351.36,   217.97,   600.16
  351.93,   216.01,   725.15
  352.70,   345.91,   478.35
  354.73,   343.20,   603.47
  356.44,   339.82,   728.16
  355.24,   471.49,   481.06
  357.80,   468.57,   606.04
  360.41,   463.97,   730.82
  475.09,   217.16,   472.08
  476.22,   214.22,   597.58
  476.76,   211.90,   722.94
  477.68,   342.79,   475.28
  479.49,   340.48,   600.69
  480.96,   337.22,   726.03
  480.40,   468.74,   477.64
  482.41,   466.36,   603.04
  484.72,   461.95,   728.95
  224.80,   225.06,   603.32
  221.90,   222.60,   728.32
  219.22,   218.81,   852.63
  227.90,   348.32,   606.20
  226.31,   344.37,   730.78
  223.70,   340.84,   855.17
  231.04,   472.45,   608.70
  230.68,   468.54,   732.93
  228.14,   465.91,   857.63
  350.17,   222.37,   604.11
  347.11,   220.79,   729.12
  345.01,   218.86,   853.37
  352.68,   347.59,   607.10
  350.79,   344.44,   731.80
  348.54,   341.20,   856.46
  354.90,   472.92,   609.33
  353.91,   468.58,   734.14
  351.81,   464.33,   859.40
  475.03,   219.48,   605.24
  471.97,   217.62,   730.55
  470.68,   216.39,   854.42
  477.43,   345.77,   608.01
  475.31,   342.85,   733.33
  473.47,   340.13,   858.31
  479.49,   471.59,   610.03
  478.17,   467.47,   735.98
  476.58,   463.23,   861.74
  225.12,   348.35,    97.82
  226.20,   345.54,   222.24
  227.65,   343.15,   348.30
  226.99,   473.56,   100.25
  227.82,   469.99,   223.64
  228.44,   467.81,   350.20
  229.36,   598.11,   103.28
  229.68,   595.98,   227.09
  230.35,   592.88,   353.51
  349.78,   346.09,    96.18
  351.05,   342.81,   220.70
  352.70,   340.93,   346.46
  351.08,   470.49,    98.76
  352.66,   466.52,   222.96
  353.52,   465.74,   348.87
  352.79,   595.48,   101.93
  354.76,   592.97,   226.67
  355.75,   591.95,   351.35
  474.62,   343.86,    95.14
  475.87,   340.41,   219.74
  477.73,   339.04,   344.53
  475.98,   467.94,    97.64
  477.75,   464.11,   222.36
  478.94,   463.92,   346.98
  477.50,   593.68,   100.72
  480.14,   590.98,   225.73
  481.31,   590.56,   349.11
  224.14,   348.83,   222.69
  222.91,   352.57,   348.69
  222.01,   355.41,   474.86
  223.45,   473.35,   217.96
  221.41,   477.24,   344.43
  220.58,   480.16,   471.09
  222.99,   599.40,   215.25
  221.02,   602.33,   341.69
  220.14,   605.13,   467.92
  349.01,   348.41,   223.77
  347.95,   352.70,   349.57
  347.01,   357.05,   475.41
  348.26,   472.22,   219.91
  346.47,   477.58,   345.79
  345.24,   482.57,   471.61
  347.99,   598.70,   217.55
  346.46,   603.75,   342.28
  345.02,   608.05,   466.97
  473.86,   348.34,   225.43
  473.02,   353.21,   350.26
  472.01,   358.43,   475.49
  473.36,   472.17,   221.97
  471.92,   478.21,   346.57
  470.46,   484.32,   471.33
  473.38,   599.11,   219.35
  472.06,   604.86,   342.65
  470.16,   609.81,   466.35
  226.31,   350.83,   348.44
  223.93,   347.43,   474.61
  221.54,   343.71,   599.84
  228.07,   475.49,   350.65
  225.78,   472.10,   477.26
  224.49,   467.75,   602.60
  230.97,   600.57,   354.29
  228.59,   597.14,   480.33
  227.16,   593.49,   605.23
  351.35,   347.62,   350.81
  348.96,   345.61,   476.59
  346.38,   343.01,   601.75
  353.11,   472.53,   353.46
  350.41,   471.18,   479.25
  348.41,   468.30,   604.28
  356.33,   598.76,   356.14
  353.30,   596.74,   480.87
  350.73,   593.27,   605.99
  476.38,   344.80,   352.97
  473.94,   343.53,   478.20
  471.12,   341.40,   603.61
  478.50,   469.84,   355.62
  475.57,   469.52,   480.50
  472.95,   467.29,   605.89
  481.81,   596.46,   357.88
  478.34,   595.01,   481.90
  475.22,   591.72,   607.62
  224.28,   348.55,   478.19
  222.80,   343.89,   603.38
  221.06,   338.84,   727.96
  222.47,   473.16,   481.74
  222.10,   467.85,   607.02
  221.68,   462.78,   731.26
  221.60,   598.13,   485.74
  221.13,   593.57,   610.57
  220.60,   589.44,   734.35
  349.29,   350.50,   479.37
  347.64,   346.94,   604.49
  345.66,   342.62,   729.15
  347.09,   476.04,   482.91
  346.01,   472.13,   607.90
  344.98,   466.65,   732.60
  346.31,   601.48,   485.46
  344.67,   597.01,   610.56
  343.28,   591.59,   735.99
  474.27,   352.19,   480.16
  472.39,   349.10,   605.55
  470.22,   345.02,   730.81
  472.24,   478.19,   483.29
  470.53,   474.92,   608.68
  469.15,   469.59,   734.54
  471.37,   603.60,   485.54
  469.10,   599.22,   611.30
  467.55,   593.48,   738.29
  225.14,   346.52,   602.97
  224.26,   343.26,   727.58
  222.41,   340.34,   852.01
  228.98,   470.63,   604.80
  229.36,   467.39,   729.07
  227.65,   465.35,   853.76
  232.52,   596.41,   606.47
  232.69,   594.02,   730.38
  231.27,   592.01,   854.57
  349.94,   345.02,   603.17
  348.75,   342.58,   727.89
  347.22,   340.01,   852.56
  352.86,   470.36,   604.75
  352.60,   466.78,   729.53
  351.27,   463.12,   854.80
  356.09,   595.31,   605.50
  355.43,   591.65,   731.13
  354.62,   588.59,   856.66
  474.69,   342.49,   603.35
  473.27,   340.31,   728.68
  472.12,   338.25,   853.68
  477.45,   468.37,   604.69
  476.83,   464.99,   730.60
  475.98,   461.36,   856.42
  480.64,   592.78,   605.51
  479.91,   588.97,   732.54
  479.81,   585.84,   858.50
  226.63,   475.73,   100.08
  228.15,   477.40,   223.45
  229.41,   480.42,   350.00
  228.94,   600.22,    98.05
  229.93,   603.48,   221.74
  231.33,   605.59,   348.14
  231.23,   725.47,    96.07
  231.72,   730.36,   220.89
  233.88,   732.15,   346.71
  350.70,   472.74,    97.99
  352.98,   473.97,   222.19
  354.50,   478.47,   348.03
  352.23,   597.80,    95.92
  354.99,   600.51,   220.74
  356.78,   604.74,   345.32
  354.32,   723.33,    93.98
  357.13,   728.83,   219.70
  359.81,   731.49,   343.07
  475.58,   470.27,    96.23
  478.08,   471.62,   220.97
  479.95,   476.71,   345.52
  476.86,   596.14,    93.97
  480.36,   598.59,   219.21
  482.34,   603.39,   342.48
  478.56,   722.87,    91.47
  482.99,   726.91,   217.95
  485.30,   730.07,   339.91
  225.95,   475.51,   224.30
  224.31,   479.06,   350.85
  223.90,   481.59,   477.48
  228.54,   601.53,   222.04
  227.01,   604.16,   348.49
  226.54,   606.64,   474.61
  231.15,   728.35,   220.70
  230.36,   730.67,   346.56
  229.87,   732.08,   472.11
  350.77,   471.35,   225.96
  349.36,   476.41,   351.87
  348.54,   481.03,   477.64
  353.59,   597.80,   223.97
  352.42,   602.57,   348.63
  351.34,   606.53,   473.27
  356.57,   726.07,   222.43
  356.28,   729.25,   345.85
  355.06,   731.33,   469.24
  475.86,   468.26,   227.67
  474.79,   473.98,   352.28
  473.73,   479.68,   477.08
  478.97,   595.13,   225.35
  477.96,   600.55,   348.66
  476.43,   605.11,   472.48
  482.45,   723.41,   223.55
  481.76,   727.13,   345.48
  479.87,   729.42,   468.30
  222.53,   473.78,   348.69
  224.70,   469.87,   475.33
  227.85,   465.09,   600.69
  221.22,   598.79,   352.84
  223.34,   594.83,   478.93
  226.40,   590.71,   603.82
  220.60,   725.03,   357.50
  222.69,   720.06,   483.02
  224.48,   717.00,   607.21
  347.57,   475.01,   347.10
  349.34,   473.18,   472.93
  351.78,   469.95,   597.95
  346.63,   601.23,   350.41
  348.11,   598.69,   475.13
  350.00,   594.84,   600.16
  346.53,   727.81,   354.09
  347.83,   723.44,   477.61
  348.40,   719.26,   602.63
  473.01,   476.47,   344.97
  474.54,   475.73,   469.76
  476.39,   473.14,   595.08
  472.23,   603.23,   347.83
  473.25,   601.30,   471.67
  474.53,   597.57,   597.24
  472.05,   729.81,   350.98
  472.69,   725.63,   473.85
  473.03,   720.76,   599.80
  225.10,   472.79,   478.17
  228.50,   471.08,   603.53
  231.87,   469.57,   727.78
  228.23,   597.87,   478.57
  231.44,   596.89,   603.48
  234.57,   596.22,   727.39
  232.11,   723.22,   479.37
  233.96,   723.14,   603.63
  235.84,   723.46,   727.42
  349.72,   471.59,   475.50
  352.37,   471.43,   600.52
  355.09,   469.63,   725.29
  352.95,   597.19,   474.47
  355.03,   596.43,   599.51
  357.32,   594.52,   725.11
  357.20,   722.03,   473.63
  357.95,   720.82,   598.71
  358.96,   719.85,   725.33
  474.89,   469.58,   472.10
  476.96,   470.06,   597.45
  479.34,   468.42,   723.36
  478.05,   595.16,   470.87
  479.59,   594.55,   596.45
  481.82,   592.44,   723.46
  481.99,   719.59,   469.93
  482.62,   717.79,   595.84
  484.06,   715.98,   723.73
  226.54,   472.03,   600.42
  225.35,   470.36,   724.68
  222.17,   469.90,   849.32
  227.20,   597.83,   600.56
  225.81,   597.07,   724.46
  222.91,   596.70,   848.47
  227.44,   724.10,   600.97
  224.82,   724.47,   724.65
  222.63,   723.39,   847.99
  350.47,   474.64,   602.05
  348.61,   472.60,   726.81
  345.69,   470.45,   852.05
  350.84,   599.62,   601.23
  348.53,   597.61,   726.79
  346.09,   596.15,   852.25
  351.41,   724.10,   600.68
  347.81,   723.18,   727.16
  346.27,   723.04,   852.23
  475.05,   475.62,   603.63
  472.81,   473.76,   729.56
  470.36,   471.60,   855.39
  475.36,   600.04,   602.81
  472.91,   597.76,   729.84
  471.16,   596.21,   855.85
  476.03,   723.29,   602.40
  472.74,   721.49,   730.30
  471.60,   721.34,   855.85
  224.59,   601.58,   100.76
  221.24,   605.80,   224.50
  218.35,   608.61,   350.99
  225.11,   726.87,    97.93
  221.25,   732.54,   222.75
  219.04,   735.13,   348.68
  224.10,   851.62,    94.57
  221.52,   859.54,   218.60
  219.31,   862.33,   343.90
  347.99,   600.91,   102.97
  346.31,   604.84,   227.73
  343.78,   609.79,   352.41
  348.25,   726.71,   100.30
  346.65,   733.08,   225.75
  345.00,   736.40,   349.33
  348.79,   852.08,    96.89
  346.75,   859.05,   222.21
  345.28,   861.33,   345.88
  472.69,   601.02,   105.47
  471.75,   604.85,   230.44
  469.34,   610.58,   353.62
  472.68,   728.04,   102.37
  472.61,   733.11,   228.28
  470.54,   736.99,   350.07
  473.39,   852.77,    99.39
  472.61,   857.68,   225.35
  470.38,   860.37,   347.60
  225.80,   599.98,   224.75
  223.05,   598.74,   351.23
  221.40,   597.39,   477.40
  225.92,   726.83,   227.20
  223.90,   725.11,   353.16
  222.21,   722.75,   478.80
  226.32,   853.92,   227.40
  224.35,   852.39,   352.87
  222.19,   849.40,   478.58
  350.87,   598.77,   227.82
  348.45,   599.64,   352.54
  346.17,   599.73,   477.35
  351.40,   727.11,   229.99
  349.84,   726.27,   353.50
  347.36,   724.55,   477.12
  351.66,   853.31,   230.72
  350.31,   851.38,   354.29
  347.52,   848.77,   478.11
  476.29,   598.61,   230.33
  474.02,   600.15,   353.64
  471.26,   600.87,   477.60
  477.33,   726.96,   232.25
  475.32,   726.71,   354.08
  472.18,   725.19,   477.08
  477.55,   851.81,   233.51
  475.47,   850.48,   355.59
  472.82,   848.69,   478.51
  222.82,   599.80,   350.85
  220.22,   595.52,   476.94
  218.62,   591.09,   601.87
  219.98,   726.00,   355.66
  217.35,   720.70,   481.25
  214.52,   717.36,   605.51
  216.72,   853.17,   358.17
  213.65,   847.26,   483.92
  209.91,   843.12,   608.90
  348.18,   604.36,   353.19
  344.93,   601.44,   477.94
  342.16,   597.20,   603.01
  345.87,   730.82,   357.01
  342.44,   726.09,   480.66
  338.32,   721.70,   605.74
  342.62,   855.73,   360.57
  338.84,   850.23,   484.54
  334.38,   846.00,   609.69
  473.71,   608.56,   355.28
  469.96,   606.20,   479.16
  466.52,   602.06,   604.81
  471.31,   734.88,   358.52
  467.19,   730.33,   481.50
  462.77,   725.20,   607.57
  467.67,   858.23,   362.88
  464.07,   853.65,   485.85
  459.39,   848.70,   611.87
  224.37,   599.50,   475.84
  223.17,   599.09,   600.81
  221.98,   599.10,   724.67
  224.41,   724.87,   476.19
  221.91,   725.38,   600.55
  219.51,   726.56,   724.15
  223.59,   851.52,   474.91
  220.27,   850.99,   600.03
  216.82,   854.91,   723.91
  349.16,   602.64,   476.18
  346.80,   602.36,   601.28
  344.68,   601.10,   726.79
  349.58,   727.44,   474.95
  345.88,   726.89,   600.06
  342.46,   726.76,   726.44
  348.93,   851.63,   474.97
  344.92,   851.12,   600.17
  341.14,   853.11,   726.22
  474.25,   604.53,   476.92
  471.29,   604.34,   602.58
  468.98,   602.73,   729.63
  474.39,   728.83,   475.43
  470.47,   727.59,   601.43
  467.28,   726.54,   729.36
  474.21,   852.34,   475.90
  470.10,   851.22,   601.85
  466.49,   851.10,   729.47
  226.29,   596.84,   600.00
  230.66,   597.27,   723.85
  233.52,   597.98,   847.92
  226.89,   723.10,   599.25
  230.00,   724.60,   722.89
  233.58,   724.73,   846.35
  227.13,   848.65,   598.28
  229.25,   852.83,   722.21
  233.14,   855.34,   846.32
  349.91,   598.34,   594.81
  353.38,   597.56,   720.30
  356.81,   597.12,   845.90
  350.92,   722.82,   593.03
  353.07,   722.96,   719.46
  357.19,   723.89,   844.85
  351.85,   846.95,   592.63
  353.64,   848.87,   718.83
  358.26,   850.83,   844.11
  474.44,   598.50,   590.40
  477.80,   597.44,   717.36
  481.91,   596.85,   843.65
  475.56,   721.81,   588.69
  478.04,   721.02,   716.55
  482.52,   721.62,   842.65
  477.10,   845.34,   588.58
  479.01,   845.35,   716.32
  484.23,   846.60,   841.81
  348.40,   102.70,   101.46
  346.20,    99.79,   226.37
  343.94,    95.53,   351.30
  351.77,   227.24,   105.07
  349.29,   224.59,   230.19
  347.78,   220.40,   355.04
  354.91,   351.00,   108.19
  352.40,   346.91,   232.84
  350.22,   344.11,   358.64
  473.12,    99.50,   103.91
  471.05,    96.63,   228.32
  469.00,    92.45,   353.15
  476.44,   223.94,   107.83
  473.95,   220.90,   232.18
  472.66,   216.80,   356.65
  479.66,   346.81,   111.03
  477.21,   342.76,   235.59
  475.24,   340.52,   360.40
  597.61,    94.93,   107.21
  595.93,    92.09,   231.41
  593.99,    88.58,   355.52
  600.81,   219.59,   110.93
  598.83,   216.21,   235.25
  597.68,   213.27,   359.46
  604.52,   343.11,   114.32
  602.03,   339.35,   238.34
  600.46,   337.30,   362.21
  350.81,   101.75,   226.88
  348.93,    98.04,   351.81
  346.74,    94.29,   476.78
  352.36,   226.49,   230.07
  351.17,   222.87,   354.94
  349.47,   219.18,   480.04
  353.93,   348.83,   232.13
  352.04,   346.63,   357.96
  350.27,   344.32,   483.70
  475.70,   100.12,   228.61
  474.03,    96.48,   353.40
  471.62,    92.69,   478.36
  477.05,   224.28,   231.83
  476.07,   220.81,   356.31
  474.48,   217.23,   481.29
  478.77,   346.22,   234.64
  477.10,   344.59,   359.45
  475.27,   343.01,   484.70
  600.60,    97.09,   231.46
  599.04,    94.16,   355.60
  596.74,    90.73,   480.15
  601.97,   221.14,   234.65
  601.13,   218.84,   358.86
  599.30,   215.94,   483.64
  603.63,   344.39,   237.11
  602.36,   342.93,   360.96
  600.68,   340.95,   485.97
  350.40,   100.59,   350.34
  350.28,   100.58,   475.32
  349.65,   101.32,   600.46
  347.93,   225.40,   349.69
  348.22,   225.50,   474.83
  347.44,   226.33,   600.17
  344.17,   349.12,   348.81
  344.33,   350.58,   474.69
  344.36,   351.48,   599.89
  475.53,   103.73,   349.97
  475.27,   103.56,   474.92
  474.12,   104.05,   600.16
  472.79,   227.97,   349.11
  473.21,   228.27,   474.14
  472.34,   229.10,   599.71
  469.18,   351.62,   348.45
  469.27,   353.98,   473.74
  469.08,   355.45,   599.16
  600.54,   106.09,   350.41
  600.37,   106.46,   475.04
  599.52,   106.80,   600.33
  597.82,   230.60,   349.66
  598.08,   231.62,   474.46
  596.92,   231.91,   600.17
  594.37,   354.58,   348.01
  594.69,   356.61,   472.90
  594.34,   357.13,   598.96
  351.07,   102.26,   473.30
  348.54,    98.93,   598.39
  346.19,    95.89,   723.19
  354.28,   227.12,   476.89
  351.63,   223.91,   602.17
  348.32,   221.52,   727.16
  355.68,   352.29,   480.83
  353.86,   349.15,   605.96
  351.73,   345.20,   730.63
  475.94,    99.92,   474.72
  472.86,    96.40,   599.91
  470.21,    93.45,   724.72
  479.27,   224.54,   478.02
  476.48,   221.26,   603.53
  473.18,   218.58,   728.84
  480.69,   350.29,   481.67
  478.61,   347.55,   607.10
  476.25,   343.82,   732.41
  600.99,    97.37,   476.53
  598.34,    93.71,   601.74
  596.21,    90.19,   727.53
  604.11,   222.57,   480.24
  600.99,   218.71,   605.87
  597.44,   214.51,   731.62
  606.16,   347.48,   482.76
  603.82,   343.66,   608.90
  600.88,   338.64,   735.06
  350.24,   101.36,   601.04
  352.03,    99.54,   725.83
  354.81,    97.69,   849.95
  347.65,   226.36,   603.73
  348.62,   225.11,   728.70
  350.56,   223.58,   852.93
  344.25,   351.45,   606.42
  346.42,   348.64,   731.06
  348.17,   345.78,   855.73
  474.71,   104.48,   598.40
  476.20,   102.65,   723.32
  479.43,   100.43,   847.29
  472.54,   229.52,   600.93
  473.52,   227.95,   726.28
  476.10,   226.95,   850.28
  468.92,   355.84,   603.36
  470.92,   353.22,   728.66
  473.05,   350.62,   853.76
  600.09,   107.65,   596.22
  601.91,   105.04,   721.88
  604.94,   102.64,   847.03
  597.12,   232.72,   599.04
  597.80,   229.58,   724.92
  600.08,   227.19,   848.99
  594.16,   357.89,   600.83
  595.70,   354.01,   727.08
  597.39,   351.45,   852.12
  348.81,   226.69,   101.69
  345.55,   228.76,   226.84
  343.28,   229.30,   351.77
  345.86,   350.78,   100.05
  342.59,   351.20,   224.56
  339.58,   353.07,   350.44
  342.86,   475.33,    98.95
  339.85,   475.15,   223.07
  336.08,   478.00,   349.04
  473.47,   229.55,   105.23
  470.19,   231.11,   229.62
  468.12,   231.80,   354.15
  470.61,   352.70,   103.56
  467.39,   353.04,   228.15
  464.57,   355.54,   353.08
  467.66,   476.92,   102.38
  464.90,   477.03,   227.09
  461.45,   480.67,   351.78
  597.86,   231.39,   109.12
  595.04,   232.58,   233.43
  593.14,   234.43,   357.60
  595.56,   355.09,   107.59
  592.21,   355.75,   231.72
  589.75,   358.46,   355.57
  593.44,   479.82,   106.20
  589.96,   480.55,   230.35
  586.87,   483.44,   353.89
  348.52,   225.28,   226.32
  346.55,   228.28,   351.18
  344.10,   231.32,   476.30
  346.52,   347.64,   221.56
  343.81,   351.98,   347.34
  341.23,   356.34,   473.19
  344.75,   471.42,   217.57
  341.30,   476.81,   343.44
  338.42,   481.79,   469.31
  473.18,   226.74,   228.79
  471.42,   229.89,   353.26
  469.09,   233.11,   478.24
  471.33,   348.61,   224.84
  468.83,   353.55,   349.67
  466.17,   358.83,   474.90
  469.80,   472.42,   221.27
  466.69,   478.52,   345.89
  463.57,   484.72,   470.66
  598.07,   227.28,   232.30
  596.46,   231.61,   356.43
  593.94,   235.47,   481.17
  596.16,   350.40,   228.11
  594.03,   355.58,   351.87
  591.60,   360.50,   476.71
  594.85,   475.10,   224.26
  592.10,   480.43,   347.70
  589.30,   485.54,   472.34
  351.36,   225.95,   351.24
  348.31,   227.58,   476.37
  344.19,   229.93,   601.67
  351.41,   349.67,   348.89
  348.22,   352.70,   474.70
  344.93,   355.10,   599.87
  351.66,   474.55,   346.47
  348.16,   478.27,   472.27
  345.39,   480.42,   597.30
  476.25,   224.80,   354.05
  473.29,   226.58,   479.03
  469.05,   228.96,   604.55
  476.44,   348.51,   351.89
  473.19,   352.34,   477.12
  469.64,   355.30,   602.50
  477.05,   473.51,   349.52
  473.33,   478.29,   474.32
  469.92,   481.15,   599.64
  601.30,   223.75,   357.99
  598.12,   226.18,   482.74
  593.55,   227.94,   608.39
  601.67,   347.80,   354.82
  598.63,   351.21,   479.71
  594.86,   353.14,   605.75
  602.45,   472.61,   351.97
  599.12,   476.17,   476.74
  595.77,   478.27,   602.98
  350.30,   225.70,   474.24
  347.52,   229.46,   599.54
  344.14,   233.95,   724.52
  349.60,   350.78,   471.13
  347.62,   354.66,   596.31
  345.49,   357.58,   720.96
  348.92,   476.29,   467.28
  347.44,   479.98,   592.32
  346.14,   481.99,   717.01
  475.31,   225.31,   475.58
  472.42,   229.08,   601.10
  469.03,   233.43,   726.42
  474.61,   350.98,   472.22
  472.38,   355.41,   597.60
  469.99,   358.68,   722.88
  474.15,   476.86,   468.02
  472.04,   481.25,   593.29
  470.32,   483.42,   719.15
  600.18,   225.53,   477.98
  596.97,   228.71,   603.61
  593.30,   231.48,   729.40
  600.07,   350.47,   473.48
  597.67,   353.86,   599.47
  594.80,   355.93,   725.66
  599.96,   475.39,   469.06
  597.94,   478.94,   595.23
  596.12,   481.57,   722.06
  351.68,   226.44,   600.11
  348.46,   224.97,   725.13
  346.10,   223.21,   849.43
  350.19,   351.69,   602.93
  348.18,   348.64,   727.61
  345.75,   345.44,   852.29
  348.48,   476.95,   604.97
  347.36,   472.79,   729.73
  345.13,   468.64,   854.96
  476.56,   227.56,   601.50
  473.35,   225.80,   726.85
  471.75,   224.66,   850.83
  474.93,   353.92,   604.05
  472.72,   351.09,   729.38
  470.66,   348.35,   854.44
  473.03,   479.73,   605.83
  471.55,   475.73,   731.76
  469.85,   471.50,   857.58
  601.11,   228.71,   603.84
  597.62,   225.38,   729.66
  595.91,   223.01,   853.55
  600.21,   353.78,   605.78
  597.46,   349.73,   732.00
  595.02,   347.25,   856.91
  598.92,   478.88,   607.67
  597.30,   475.38,   734.52
  595.40,   472.71,   859.95
  348.13,   347.76,    99.64
  350.58,   348.26,   224.18
  353.32,   350.22,   349.99
  350.02,   472.25,    98.44
  352.77,   472.07,   222.66
  354.78,   475.13,   348.54
  352.26,   597.30,    97.79
  355.47,   598.59,   222.60
  357.72,   601.40,   347.20
  472.94,   344.89,    97.51
  475.38,   345.22,   222.12
  478.35,   347.71,   346.93
  474.87,   469.11,    96.20
  477.84,   469.02,   220.95
  480.20,   472.67,   345.52
  476.88,   594.94,    95.36
  480.82,   595.96,   220.56
  483.25,   599.35,   343.87
  597.96,   342.46,    95.87
  600.17,   342.91,   220.14
  603.54,   345.64,   343.91
  600.78,   467.07,    94.34
  602.84,   467.62,   218.63
  605.57,   470.42,   342.00
  603.22,   593.40,    92.93
  606.10,   594.58,   217.31
  608.51,   596.49,   341.06
  350.60,   349.68,   223.92
  351.82,   347.58,   349.75
  353.19,   345.47,   475.52
  352.17,   473.55,   226.58
  352.63,   472.51,   352.47
  353.69,   471.07,   478.26
  354.27,   600.14,   230.64
  354.90,   598.75,   355.24
  355.63,   596.64,   479.93
  475.44,   347.30,   223.36
  476.88,   345.74,   348.17
  478.21,   344.38,   473.38
  477.29,   471.19,   226.32
  478.07,   470.77,   350.91
  478.91,   470.36,   475.75
  479.69,   598.23,   230.02
  480.46,   597.44,   353.29
  480.75,   595.89,   477.26
  600.27,   345.69,   222.83
  602.10,   344.34,   346.63
  603.66,   342.64,   471.48
  602.33,   470.45,   225.42
  603.50,   469.16,   348.83
  604.76,   467.52,   473.58
  605.01,   597.43,   228.23
  605.76,   595.16,   351.98
  606.15,   592.36,   476.76
  349.74,   347.92,   348.12
  349.62,   352.09,   473.93
  349.39,   355.70,   599.10
  349.16,   472.73,   344.52
  348.73,   477.62,   470.34
  349.00,   481.02,   595.37
  350.02,   598.90,   341.16
  349.36,   603.16,   465.84
  349.05,   605.99,   590.82
  474.81,   347.47,   348.03
  474.64,   352.46,   473.25
  474.16,   356.61,   598.65
  474.60,   472.37,   344.52
  473.97,   478.35,   469.31
  473.62,   482.43,   594.59
  475.62,   599.00,   340.79
  474.54,   603.88,   464.54
  473.62,   606.83,   589.96
  600.05,   347.48,   347.92
  600.13,   352.09,   472.73
  599.49,   355.18,   598.76
  600.03,   472.25,   343.94
  599.79,   477.01,   468.60
  599.55,   480.25,   594.79
  600.95,   598.34,   340.86
  599.87,   601.94,   465.47
  599.44,   604.98,   591.52
  350.12,   348.92,   476.62
  353.46,   348.58,   601.75
  356.53,   347.47,   726.43
  345.64,   474.43,   477.18
  349.54,   473.81,   602.16
  353.48,   471.61,   726.88
  342.62,   599.88,   476.82
  345.98,   598.68,   601.80
  349.50,   596.46,   727.26
  475.01,   352.87,   472.35
  478.15,   352.99,   597.74
  481.04,   351.97,   723.10
  470.74,   478.81,   472.52
  474.03,   478.84,   597.82
  477.66,   476.73,   723.75
  467.70,   604.35,   471.80
  470.40,   603.22,   597.34
  473.79,   600.66,   724.36
  600.39,   356.07,   468.20
  603.41,   355.17,   594.24
  605.84,   352.74,   720.56
  596.46,   481.07,   468.21
  599.85,   480.26,   594.39
  603.42,   478.47,   721.29
  592.96,   606.09,   469.08
  596.13,   605.05,   595.20
  600.39,   603.94,   722.10
  351.39,   348.80,   601.54
  354.99,   346.64,   726.19
  358.26,   344.34,   850.85
  347.75,   474.02,   603.03
  352.22,   470.75,   727.72
  355.66,   467.32,   852.96
  344.45,   598.88,   603.76
  348.51,   595.60,   729.18
  352.41,   592.78,   854.65
  476.07,   353.02,   597.02
  479.49,   350.94,   722.34
  483.04,   348.82,   847.44
  472.21,   478.87,   598.19
  476.37,   475.68,   724.08
  480.39,   472.16,   849.95
  468.85,   603.23,   598.78
  472.77,   599.59,   725.78
  477.47,   596.64,   851.88
  601.32,   355.02,   592.99
  604.27,   351.54,   719.29
  607.30,   349.24,   844.40
  598.00,   480.11,   594.23
  602.10,   477.22,   721.10
  605.94,   475.10,   846.79
  594.56,   604.87,   596.11
  599.34,   602.67,   723.00
  604.08,   600.55,   848.22
  349.13,   473.97,   100.50
  348.41,   472.44,   224.75
  346.96,   473.99,   350.71
  352.53,   599.03,   101.44
  352.25,   598.95,   226.25
  351.00,   600.19,   350.95
  356.39,   724.92,   102.66
  356.29,   727.25,   228.14
  355.90,   726.83,   351.54
  474.00,   469.60,   101.69
  473.48,   468.28,   226.44
  472.36,   470.49,   351.13
  477.24,   595.46,   102.55
  477.60,   595.21,   227.58
  476.50,   597.12,   350.94
  480.89,   722.51,   103.35
  482.15,   723.53,   229.18
  481.30,   723.70,   351.08
  599.79,   466.44,   103.29
  598.48,   465.72,   227.47
  597.76,   467.13,   350.97
  603.46,   592.85,   103.45
  602.87,   592.63,   227.74
  601.76,   593.12,   351.49
  606.57,   720.10,   103.33
  607.74,   720.29,   228.33
  606.21,   719.38,   352.93
  349.79,   471.73,   223.72
  352.82,   471.10,   349.59
  356.43,   470.21,   475.32
  353.08,   598.24,   227.25
  356.29,   597.34,   351.84
  359.58,   595.81,   476.44
  356.60,   726.55,   231.16
  360.66,   723.95,   354.40
  363.71,   720.57,   477.69
  474.82,   468.13,   220.91
  478.19,   468.11,   345.49
  481.61,   468.22,   470.25
  478.39,   595.07,   224.11
  481.78,   594.77,   347.39
  484.66,   593.79,   471.26
  482.40,   723.42,   227.75
  486.02,   721.43,   349.58
  488.47,   718.17,   472.55
  599.78,   466.18,   217.53
  603.52,   465.35,   340.88
  607.39,   464.24,   465.46
  603.63,   593.12,   219.80
  607.02,   591.39,   343.45
  610.01,   589.07,   468.14
  607.95,   720.80,   222.36
  610.95,   717.73,   346.98
  613.08,   713.89,   471.64
  347.38,   475.30,   348.05
  349.97,   476.74,   473.88
  353.22,   476.78,   598.89
  346.24,   601.52,   348.12
  348.57,   602.27,   472.82
  351.24,   601.69,   597.82
  345.91,   728.21,   348.63
  348.12,   727.09,   472.12
  349.49,   726.13,   597.07
  472.80,   476.91,   345.04
  475.16,   479.45,   469.82
  477.81,   480.10,   595.15
  471.83,   603.67,   344.70
  473.70,   605.03,   468.49
  475.78,   604.52,   594.02
  471.46,   730.35,   344.74
  473.00,   729.44,   467.49
  474.14,   727.77,   593.33
  598.20,   478.73,   341.50
  600.94,   480.06,   466.12
  603.72,   479.84,   592.33
  597.16,   604.97,   341.86
  599.00,   605.07,   466.46
  601.59,   604.65,   592.58
  596.50,   731.43,   342.93
  597.64,   729.96,   467.29
  599.64,   728.87,   593.05
  349.11,   474.45,   474.84
  346.15,   472.78,   599.89
  343.33,   469.49,   724.59
  346.94,   599.95,   475.24
  343.45,   597.70,   600.33
  340.23,   594.48,   725.71
  345.74,   724.72,   475.96
  340.91,   722.25,   601.04
  336.40,   720.13,   727.25
  474.24,   477.95,   477.08
  470.65,   476.95,   602.45
  467.42,   473.82,   728.30
  471.99,   603.45,   477.15
  467.85,   601.32,   602.78
  464.37,   597.75,   729.74
  470.50,   727.72,   477.53
  465.39,   724.55,   603.53
  461.02,   721.56,   731.40
  599.99,   479.24,   479.72
  596.45,   477.50,   606.01
  593.07,   474.87,   732.80
  597.25,   604.16,   481.44
  593.63,   602.30,   607.57
  590.90,   600.22,   734.41
  595.07,   728.88,   483.59
  590.92,   726.32,   609.34
  588.08,   723.66,   735.78
  348.64,   477.49,   601.72
  348.31,   479.13,   726.44
  346.96,   480.64,   851.70
  350.69,   602.48,   597.23
  349.86,   604.17,   722.76
  348.99,   606.39,   848.25
  353.04,   726.90,   592.97
  350.85,   729.63,   719.46
  350.70,   733.21,   844.75
  473.21,   476.86,   601.81
  472.51,   478.65,   727.70
  471.67,   480.08,   853.57
  475.24,   601.26,   597.27
  474.28,   602.62,   724.27
  474.08,   604.68,   850.39
  477.68,   724.49,   593.14
  475.84,   726.26,   721.01
  476.08,   729.57,   846.90
  599.10,   472.63,   602.83
  598.27,   474.86,   729.67
  597.26,   477.92,   855.21
  601.11,   597.35,   599.60
  601.00,   600.28,   726.44
  600.79,   603.17,   851.56
  603.24,   721.51,   596.74
  603.09,   723.89,   723.00
  603.20,   727.36,   847.33
  351.26,   598.33,   100.67
  349.54,   597.03,   225.41
  346.84,   597.04,   350.16
  354.22,   724.22,   103.10
  352.65,   725.33,   228.51
  350.81,   723.69,   351.99
  357.39,   849.92,   104.91
  355.49,   851.54,   230.19
  353.89,   848.80,   353.67
  475.98,   595.63,   103.19
  474.90,   594.19,   228.17
  472.36,   594.91,   351.54
  478.74,   722.70,   105.27
  478.52,   722.54,   230.97
  476.24,   721.53,   352.83
  482.18,   847.83,   107.49
  481.40,   847.58,   233.15
  479.03,   845.44,   355.16
  602.18,   593.92,   105.49
  600.19,   592.51,   229.74
  597.63,   591.86,   353.44
  604.45,   721.19,   106.58
  604.13,   720.20,   231.59
  601.15,   718.12,   355.98
  607.41,   845.58,   108.33
  606.94,   844.54,   234.41
  603.68,   842.96,   358.43
  348.19,   597.70,   224.47
  346.47,   602.43,   349.21
  344.88,   606.34,   473.93
  346.96,   725.95,   222.83
  346.13,   729.08,   346.47
  344.43,   731.13,   470.03
  345.47,   852.22,   219.74
  344.89,   854.27,   343.41
  342.87,   855.37,   467.25
  473.60,   599.26,   226.36
  472.06,   604.70,   349.63
  469.98,   609.22,   473.42
  472.88,   727.56,   224.54
  471.69,   731.24,   346.41
  469.30,   733.51,   469.16
  471.40,   852.49,   221.95
  470.07,   854.86,   344.20
  468.17,   856.95,   466.95
  598.97,   601.99,   226.97
  597.38,   605.99,   350.70
  595.26,   609.34,   475.35
  598.61,   729.58,   224.21
  596.70,   732.30,   348.51
  593.92,   734.11,   472.78
  597.05,   853.40,   222.40
  594.65,   856.70,   346.14
  593.02,   858.96,   469.94
  349.80,   599.78,   348.37
  346.42,   598.97,   473.16
  343.50,   596.78,   598.24
  351.08,   726.47,   350.28
  347.54,   723.82,   473.86
  343.29,   721.35,   598.94
  351.46,   851.56,   351.99
  347.62,   848.05,   475.76
  343.00,   845.61,   600.91
  475.35,   600.34,   350.58
  471.51,   600.17,   474.49
  467.95,   598.14,   600.09
  476.55,   726.94,   351.96
  472.34,   724.52,   474.89
  467.83,   721.40,   600.84
  476.59,   850.69,   354.37
  472.88,   848.01,   477.22
  468.09,   844.93,   603.16
  600.62,   599.93,   353.40
  596.82,   598.60,   478.08
  593.77,   596.77,   604.21
  601.47,   726.21,   356.00
  596.94,   723.34,   480.34
  593.40,   720.84,   606.09
  601.18,   850.90,   358.36
  597.64,   848.18,   482.34
  593.46,   845.06,   608.11
  350.66,   601.45,   472.76
  349.92,   598.36,   597.85
  349.46,   594.21,   723.37
  351.40,   726.24,   474.39
  349.34,   722.80,   599.48
  347.60,   719.67,   725.91
  351.07,   850.35,   477.29
  348.69,   846.99,   602.45
  346.51,   845.91,   728.63
  475.81,   602.95,   471.90
  474.48,   600.00,   597.52
  473.84,   595.59,   724.53
  476.25,   727.28,   473.30
  473.98,   723.21,   599.26
  472.51,   719.23,   727.17
  476.38,   850.75,   476.62
  473.88,   846.73,   602.57
  471.93,   843.67,   730.26
  601.15,   601.71,   473.34
  600.36,   598.91,   599.49
  600.53,   596.02,   726.35
  600.89,   726.50,   476.65
  599.61,   723.07,   602.40
  599.76,   719.63,   728.73
  601.18,   851.39,   479.54
  599.30,   847.36,   605.32
  598.79,   844.09,   732.52
  350.85,   599.06,   597.54
  348.67,   595.01,   723.06
  346.36,   591.37,   848.54
  347.21,   723.43,   599.03
  343.76,   720.46,   725.39
  342.26,   718.17,   850.45
  343.48,   847.60,   601.86
  339.59,   846.81,   727.90
  338.70,   845.55,   852.90
  475.33,   603.66,   598.99
  472.96,   599.37,   726.02
  471.32,   595.71,   852.10
  471.75,   726.82,   600.56
  468.51,   723.02,   728.46
  467.46,   720.79,   854.08
  468.58,   850.35,   603.71
  464.89,   847.52,   731.29
  464.70,   845.81,   856.09
  601.16,   605.63,   602.83
  599.61,   602.88,   729.62
  597.92,   600.08,   854.70
  597.29,   729.73,   605.46
  595.65,   726.35,   731.80
  594.30,   724.30,   856.02
  593.95,   853.96,   608.12
  591.59,   850.80,   735.43
  591.19,   848.70,   859.74
  475.62,   100.70,    98.62
  479.38,   103.08,   223.05
  483.37,   103.97,   347.78
  474.86,   225.18,    97.40
  478.02,   227.17,   221.77
  482.55,   228.21,   346.23
  473.81,   348.61,    95.46
  477.12,   349.08,   220.05
  480.93,   351.84,   344.82
  600.04,   100.38,    96.13
  604.19,   102.63,   220.49
  608.32,   104.26,   344.70
  599.29,   225.30,    94.69
  602.83,   226.59,   219.12
  607.56,   228.83,   343.31
  598.90,   349.25,    92.90
  601.90,   349.83,   217.17
  606.10,   352.80,   340.87
  724.57,    99.96,    93.93
  728.80,   101.74,   218.38
  732.93,   104.05,   342.18
  723.53,   225.69,    91.58
  727.56,   226.45,   216.36
  732.63,   229.63,   340.76
  724.14,   350.51,    90.48
  726.36,   351.67,   213.99
  731.20,   354.13,   337.02
  473.98,   103.79,   224.20
  478.19,   103.40,   348.94
  481.73,   102.72,   473.83
  471.59,   227.87,   224.17
  476.34,   227.65,   348.66
  480.59,   227.44,   473.61
  469.62,   349.78,   223.71
  473.65,   351.32,   348.56
  477.58,   353.16,   473.74
  598.78,   104.49,   221.37
  603.14,   104.82,   345.61
  606.81,   104.70,   470.16
  596.37,   228.41,   221.25
  601.32,   229.36,   345.46
  605.43,   229.91,   470.19
  594.40,   351.56,   220.58
  598.80,   353.33,   344.35
  602.99,   354.82,   469.11
  723.36,   104.60,   219.05
  727.76,   105.72,   342.89
  731.96,   106.53,   467.24
  721.10,   229.32,   218.30
  726.38,   231.25,   342.68
  730.58,   232.41,   467.44
  718.87,   354.46,   217.18
  723.92,   355.71,   340.24
  728.79,   355.77,   464.93
  477.40,   101.11,   347.82
  480.18,   100.76,   472.72
  482.09,   101.02,   597.92
  478.15,   225.41,   347.16
  481.64,   225.47,   472.11
  483.81,   226.04,   597.65
  478.04,   349.05,   346.66
  481.22,   351.18,   471.84
  484.06,   352.41,   597.26
  602.38,    99.94,   345.19
  605.27,   100.12,   469.75
  607.60,   100.28,   594.99
  603.17,   224.54,   344.76
  606.52,   225.37,   469.49
  608.42,   225.43,   595.14
  603.23,   348.53,   343.26
  606.69,   350.27,   468.03
  609.39,   350.41,   594.09
  727.02,    98.25,   343.08
  730.45,    99.20,   467.38
  733.62,    99.68,   592.71
  728.26,   223.83,   342.82
  731.68,   225.34,   467.59
  733.49,   224.91,   593.30
  728.39,   348.36,   340.00
  732.50,   348.74,   464.70
  735.08,   347.15,   591.39
  474.56,    99.86,   473.13
  470.36,   101.25,   598.31
  466.40,   103.24,   723.17
  475.52,   224.54,   471.39
  471.58,   226.25,   596.91
  467.07,   228.59,   722.26
  474.54,   350.22,   470.05
  471.24,   352.63,   595.46
  467.74,   353.93,   720.75
  599.63,    99.79,   476.25
  595.73,   101.07,   601.51
  592.10,   102.37,   727.16
  600.37,   225.01,   474.88
  596.10,   226.19,   600.50
  591.34,   227.00,   726.29
  599.98,   349.99,   472.39
  596.49,   351.40,   598.41
  592.50,   351.51,   724.60
  724.88,    99.51,   480.01
  721.75,   101.08,   605.35
  718.18,   102.22,   731.24
  725.48,   225.59,   479.11
  720.98,   226.11,   604.82
  715.67,   225.21,   730.83
  725.80,   348.96,   475.23
  722.10,   348.53,   601.96
  717.32,   347.32,   728.64
  474.93,   101.09,   600.30
  475.41,    99.94,   725.21
  477.62,    98.34,   849.20
  472.53,   226.06,   602.11
  472.43,   225.22,   727.47
  473.97,   224.94,   851.47
  468.64,   352.38,   603.84
  469.55,   350.48,   729.15
  470.61,   348.61,   854.25
  600.37,   104.48,   599.16
  601.19,   102.59,   724.86
  603.17,   100.88,   850.02
  597.09,   229.55,   601.29
  596.71,   227.13,   727.17
  598.01,   225.51,   851.19
  593.86,   354.73,   602.39
  594.30,   351.57,   728.63
  594.95,   349.78,   853.67
  726.26,   108.24,   598.79
  727.09,   106.12,   724.56
  728.28,   104.66,   851.09
  722.04,   232.97,   601.15
  721.14,   228.91,   727.30
  721.24,   226.28,   851.11
  719.54,   355.34,   601.44
  719.20,   350.99,   728.23
  719.09,   349.67,   852.47
  475.00,   227.28,   100.18
  473.39,   226.68,   224.59
  473.09,   225.10,   349.12
  470.97,   350.51,   100.78
  469.49,   348.56,   225.40
  468.47,   348.73,   350.32
  466.89,   474.64,   101.87
  465.87,   472.43,   226.60
  464.19,   473.76,   351.34
  599.39,   230.29,   102.36
  598.22,   229.13,   226.75
  598.09,   228.73,   350.97
  595.96,   354.01,   103.11
  594.29,   352.28,   227.32
  593.63,   352.71,   351.18
  592.67,   478.63,   104.00
  590.92,   477.02,   228.22
  589.60,   477.61,   351.76
  723.63,   233.52,   104.20
  723.03,   232.09,   228.86
  723.21,   232.65,   353.27
  721.00,   358.29,   105.52
  718.81,   357.15,   228.88
  718.86,   356.95,   352.07
  718.58,   483.69,   106.17
  715.41,   482.54,   229.23
  714.75,   481.18,   352.31
  472.81,   226.62,   225.07
  470.66,   226.66,   349.58
  467.99,   226.65,   474.57
  469.48,   348.51,   224.21
  466.61,   350.30,   349.10
  463.61,   352.36,   474.38
  466.45,   472.36,   223.73
  462.93,   475.31,   348.44
  459.44,   478.30,   473.34
  597.64,   228.54,   229.01
  595.66,   229.75,   353.19
  592.79,   230.45,   477.96
  594.27,   351.69,   227.91
  591.76,   353.74,   351.74
  588.94,   355.52,   476.65
  591.47,   476.43,   227.14
  588.31,   478.65,   350.66
  585.12,   480.66,   475.39
  722.47,   230.95,   232.92
  720.79,   233.16,   357.27
  717.86,   234.34,   482.07
  718.79,   356.01,   231.23
  717.01,   357.44,   354.40
  714.75,   357.71,   479.36
  715.94,   481.40,   229.92
  713.46,   481.69,   352.99
  711.16,   481.26,   478.30
  476.40,   223.90,   350.68
  480.39,   221.62,   475.62
  483.01,   219.86,   601.13
  478.58,   347.58,   352.43
  482.28,   347.34,   477.61
  485.61,   346.17,   603.02
  481.12,   472.64,   353.97
  484.36,   473.30,   478.74
  487.88,   472.01,   604.15
  601.37,   220.85,   347.73
  605.20,   219.31,   472.47
  607.56,   217.04,   598.08
  603.74,   344.83,   348.47
  607.70,   344.19,   473.30
  610.84,   341.92,   599.37
  606.49,   469.63,   349.49
  610.17,   468.99,   474.22
  613.82,   466.75,   600.55
  726.41,   217.88,   345.31
  730.28,   217.10,   470.09
  732.57,   214.46,   595.74
  728.90,   342.41,   344.72
  733.44,   340.49,   469.52
  736.39,   336.60,   596.22
  731.50,   466.60,   345.23
  736.18,   463.63,   470.34
  740.09,   459.95,   597.33
  475.47,   223.61,   473.30
  477.31,   226.81,   598.81
  478.62,   230.53,   724.18
  470.88,   349.22,   470.59
  473.39,   353.11,   595.95
  475.70,   355.84,   721.25
  466.49,   475.07,   467.08
  469.15,   478.94,   592.29
  472.16,   480.59,   718.12
  600.29,   227.60,   470.86
  601.88,   230.28,   596.48
  602.88,   232.34,   722.38
  596.23,   352.49,   466.97
  598.64,   355.39,   592.91
  600.53,   356.77,   719.18
  592.19,   477.48,   463.21
  594.94,   480.52,   589.28
  597.91,   482.49,   716.13
  725.40,   231.64,   469.09
  726.88,   233.69,   594.80
  727.38,   234.10,   720.95
  722.01,   355.02,   463.74
  724.36,   356.09,   590.36
  725.53,   356.21,   717.19
  718.14,   478.50,   460.08
  721.31,   480.05,   586.95
  724.11,   482.29,   714.01
  477.44,   223.99,   598.50
  477.53,   221.86,   723.88
  479.24,   220.31,   847.87
  475.07,   350.33,   601.45
  476.16,   347.21,   726.78
  477.43,   344.17,   851.84
  472.40,   476.18,   603.63
  474.27,   471.89,   729.54
  475.91,   467.37,   855.37
  602.03,   226.03,   597.50
  601.84,   222.33,   723.37
  603.27,   219.36,   847.45
  600.34,   351.10,   599.81
  600.92,   346.63,   726.07
  601.73,   343.54,   851.05
  598.27,   476.18,   602.05
  600.01,   472.24,   728.91
  601.45,   469.17,   854.46
  727.05,   228.07,   597.17
  726.37,   222.88,   723.28
  726.61,   218.93,   847.22
  726.03,   350.32,   598.66
  725.81,   344.68,   725.45
  725.82,   341.93,   849.63
  724.69,   474.18,   601.06
  726.05,   470.53,   728.05
  726.69,   469.16,   852.91
  474.66,   348.88,   101.38
  477.04,   346.47,   226.00
  479.93,   346.17,   350.81
  472.76,   473.00,   103.03
  475.59,   470.37,   227.75
  477.82,   471.22,   352.35
  470.99,   598.90,   105.31
  474.69,   597.38,   230.26
  476.91,   597.89,   353.55
  599.70,   350.39,    99.84
  601.85,   348.12,   224.07
  605.12,   348.03,   347.84
  598.60,   475.02,   101.28
  600.63,   472.91,   225.47
  603.24,   472.88,   348.89
  597.11,   601.49,   102.85
  600.02,   599.92,   227.15
  602.23,   598.96,   350.87
  724.86,   352.59,    98.39
  726.35,   350.85,   221.83
  730.30,   350.20,   344.99
  724.65,   477.92,    99.66
  725.08,   476.33,   222.72
  728.31,   474.44,   345.62
  723.52,   604.38,   100.10
  724.99,   602.71,   223.47
  727.11,   599.46,   348.94
  475.26,   349.14,   222.68
  474.17,   349.51,   347.53
  472.96,   350.14,   472.80
  478.50,   473.04,   223.78
  476.78,   474.55,   348.38
  475.08,   476.11,   473.23
  482.29,   600.10,   225.64
  480.60,   601.24,   348.92
  478.39,   601.63,   472.82
  600.07,   346.15,   224.64
  599.38,   346.73,   348.47
  598.40,   346.98,   473.37
  603.50,   470.93,   225.36
  602.18,   471.56,   348.81
  600.88,   471.91,   473.59
  607.57,   597.92,   226.29
  605.84,   597.58,   350.10
  603.70,   596.74,   474.86
  724.60,   344.16,   226.27
  724.65,   344.23,   349.56
  724.21,   343.14,   474.47
  727.87,   469.60,   226.47
  727.29,   468.41,   349.40
  726.97,   466.38,   474.64
  732.38,   595.90,   226.55
  730.66,   593.31,   351.98
  729.33,   590.83,   478.19
  476.04,   350.83,   349.17
  474.16,   349.37,   474.40
  471.96,   346.98,   599.80
  475.38,   475.95,   352.07
  472.99,   475.36,   476.92
  470.94,   472.88,   602.29
  475.91,   602.67,   354.61
  473.00,   600.88,   478.54
  470.39,   597.28,   604.21
  601.28,   351.26,   350.77
  599.61,   349.42,   475.67
  597.18,   346.07,   601.73
  600.82,   476.17,   353.19
  598.81,   474.41,   477.99
  596.80,   471.16,   604.26
  601.20,   602.22,   356.54
  598.34,   599.29,   481.25
  596.28,   595.93,   607.43
  726.58,   351.95,   352.47
  725.46,   348.68,   477.44
  722.77,   343.58,   604.23
  726.00,   476.11,   354.50
  724.94,   471.97,   479.82
  723.21,   467.35,   606.83
  726.10,   601.03,   359.37
  724.00,   596.56,   485.48
  722.98,   593.49,   611.61
  476.82,   351.42,   473.78
  478.70,   352.08,   599.21
  480.33,   351.60,   724.59
  477.21,   477.40,   473.24
  479.23,   477.96,   598.62
  481.60,   476.40,   724.62
  478.78,   602.94,   471.89
  480.24,   602.38,   597.51
  482.41,   600.40,   724.60
  602.30,   349.97,   470.93
  604.01,   349.57,   597.00
  605.12,   347.72,   723.31
  603.04,   474.90,   470.21
  605.17,   474.58,   596.49
  607.43,   473.33,   723.41
  604.12,   599.81,   470.56
  606.15,   599.38,   596.75
  609.20,   598.98,   723.62
  728.13,   347.85,   468.57
  729.68,   345.72,   595.31
  729.98,   342.66,   722.11
  729.09,   471.18,   467.87
  731.57,   469.40,   594.86
  733.42,   468.32,   721.92
  729.70,   595.73,   470.56
  732.72,   595.44,   596.87
  736.46,   596.51,   722.47
  474.39,   352.76,   599.77
  474.50,   355.94,   725.08
  474.75,   358.94,   850.25
  471.87,   478.60,   595.57
  472.68,   480.68,   721.45
  473.40,   482.27,   847.36
  469.88,   603.03,   590.75
  470.37,   604.63,   717.70
  471.66,   606.80,   843.98
  599.69,   353.32,   599.05
  599.33,   355.19,   725.29
  599.18,   358.41,   850.38
  597.75,   478.43,   594.88
  598.50,   480.91,   721.75
  599.10,   484.07,   847.46
  595.65,   603.18,   591.36
  597.01,   606.23,   718.23
  598.42,   609.30,   843.57
  725.40,   352.30,   598.84
  724.28,   352.94,   725.58
  723.42,   356.69,   849.86
  724.19,   476.26,   594.83
  724.68,   479.05,   721.87
  724.54,   484.02,   846.91
  722.19,   602.26,   593.16
  724.45,   607.03,   718.75
  725.33,   611.49,   842.29
  475.59,   474.91,   100.46
  476.31,   477.35,   225.18
  476.39,   483.39,   349.72
  475.96,   600.90,    97.42
  477.68,   604.41,   222.62
  477.89,   610.06,   345.81
  476.73,   727.70,    94.14
  479.37,   732.69,   220.52
  479.90,   736.61,   342.41
  601.50,   474.57,   100.85
  601.38,   477.63,   225.01
  601.84,   482.75,   348.41
  602.29,   601.08,    97.19
  603.05,   604.67,   221.53
  603.18,   608.85,   345.32
  602.34,   728.22,    93.34
  605.10,   732.23,   218.38
  604.92,   735.20,   343.00
  727.49,   475.15,   101.38
  725.85,   478.74,   224.35
  726.95,   481.94,   347.30
  728.78,   601.54,    96.73
  728.05,   605.14,   219.93
  728.04,   607.03,   345.57
  728.65,   727.72,    91.73
  730.77,   731.67,   216.21
  729.69,   732.83,   345.27
  474.45,   473.52,   225.86
  477.71,   473.63,   350.41
  481.01,   473.75,   475.17
  474.75,   600.61,   229.09
  478.01,   600.35,   352.31
  480.78,   599.29,   476.19
  475.43,   728.95,   232.76
  478.94,   726.89,   354.50
  481.28,   723.59,   477.50
  599.48,   474.89,   222.56
  603.10,   474.13,   345.92
  606.83,   473.00,   470.58
  600.06,   601.95,   224.92
  603.31,   600.24,   348.61
  606.13,   597.90,   473.32
  601.07,   729.59,   227.72
  603.91,   726.56,   352.10
  605.94,   722.74,   476.65
  723.92,   477.17,   218.81
  728.12,   474.60,   341.63
  732.84,   471.09,   466.69
  725.02,   603.60,   220.18
  728.16,   599.63,   345.60
  731.70,   595.64,   471.78
  726.65,   730.12,   222.52
  728.64,   725.34,   351.30
  730.86,   721.73,   478.06
  474.33,   473.15,   350.61
  476.36,   472.36,   475.42
  478.69,   469.68,   600.77
  476.10,   599.85,   353.36
  477.59,   597.89,   477.28
  479.39,   594.11,   602.94
  478.51,   726.36,   356.39
  479.56,   722.15,   479.43
  480.42,   717.29,   605.53
  599.76,   472.18,   347.37
  602.18,   470.22,   472.05
  604.60,   466.65,   598.29
  601.41,   598.26,   350.88
  602.97,   595.08,   475.58
  605.33,   591.44,   601.77
  603.46,   724.51,   355.23
  604.23,   719.83,   479.76
  606.16,   715.66,   605.59
  724.85,   471.16,   344.28
  728.25,   466.83,   469.36
  730.97,   461.79,   596.31
  726.30,   596.12,   349.08
  728.60,   591.27,   475.19
  731.93,   587.72,   601.41
  728.18,   721.76,   355.73
  729.21,   717.28,   482.36
  732.73,   714.44,   607.33
  473.46,   479.03,   473.06
  474.40,   480.42,   598.42
  475.70,   479.66,   724.40
  475.70,   604.56,   470.86
  476.08,   604.81,   596.45
  477.12,   603.63,   723.54
  478.69,   728.92,   469.04
  478.14,   728.04,   594.94
  478.32,   727.26,   722.88
  599.27,   475.94,   471.11
  600.31,   476.50,   597.37
  601.51,   476.12,   724.29
  601.03,   600.84,   470.58
  601.94,   601.24,   596.76
  603.87,   601.61,   723.64
  603.31,   725.65,   470.73
  603.71,   725.45,   596.49
  605.61,   725.27,   722.79
  725.35,   471.53,   469.85
  726.73,   470.65,   596.87
  727.55,   470.47,   723.94
  726.61,   596.08,   471.67
  728.53,   596.66,   597.99
  731.20,   598.58,   723.61
  728.17,   722.12,   474.74
  730.13,   723.30,   599.85
  733.73,   725.09,   722.65
  475.24,   479.32,   599.78
  475.38,   475.99,   725.74
  475.36,   472.32,   851.64
  474.60,   603.69,   600.43
  474.51,   599.94,   727.51
  475.17,   596.88,   853.60
  474.30,   726.90,   601.55
  473.38,   723.62,   729.49
  474.64,   721.94,   855.08
  601.17,   477.67,   599.91
  601.19,   474.73,   726.80
  600.95,   472.60,   852.42
  600.50,   602.46,   601.89
  601.26,   600.25,   728.76
  601.86,   598.00,   853.88
  599.95,   726.62,   604.13
  600.67,   723.84,   730.46
  601.61,   722.34,   854.66
  727.62,   474.09,   600.61
  727.26,   471.44,   727.64
  726.21,   471.04,   852.54
  727.16,   600.27,   604.34
  728.66,   599.63,   729.83
  728.42,   598.60,   853.36
  726.49,   726.89,   608.53
  728.91,   726.03,   731.21
  729.20,   725.26,   853.11
  472.34,   600.16,   100.70
  472.74,   601.83,   225.82
  471.63,   605.60,   349.11
  472.00,   727.08,    99.50
  473.24,   730.18,   225.60
  472.46,   732.18,   347.47
  472.42,   851.89,    98.54
  472.96,   854.98,   224.61
  472.03,   855.79,   346.86
  598.59,   601.58,   101.66
  598.12,   603.28,   226.03
  596.95,   605.65,   349.77
  597.62,   728.79,    99.73
  598.98,   730.92,   224.87
  597.47,   731.99,   349.22
  597.32,   852.99,    98.38
  598.57,   854.72,   224.68
  596.64,   856.45,   348.46
  724.99,   603.38,   102.25
  723.12,   604.94,   225.68
  721.85,   604.98,   351.29
  723.90,   729.69,    98.85
  724.62,   731.51,   224.10
  722.21,   730.82,   352.90
  722.62,   853.57,    97.30
  723.79,   855.94,   223.77
  721.44,   856.94,   351.30
  475.96,   597.58,   226.13
  478.96,   601.30,   349.40
  481.42,   604.15,   473.22
  480.71,   725.88,   225.87
  484.00,   727.85,   347.73
  486.07,   728.44,   470.62
  484.71,   850.73,   224.94
  487.79,   851.55,   347.09
  490.45,   851.97,   469.91
  601.19,   594.69,   222.33
  604.17,   596.99,   346.03
  606.70,   598.59,   470.76
  606.26,   722.36,   220.97
  608.91,   723.31,   345.61
  610.63,   723.39,   470.25
  610.30,   846.53,   220.67
  612.43,   848.06,   344.97
  615.06,   848.45,   469.17
  726.00,   592.19,   218.01
  728.94,   592.24,   343.20
  732.23,   592.15,   469.45
  731.76,   718.77,   215.99
  733.58,   717.89,   344.84
  735.47,   718.12,   471.90
  735.56,   843.48,   215.47
  737.25,   843.94,   343.95
  739.12,   844.77,   470.13
  475.10,   600.96,   348.97
  477.31,   604.77,   472.77
  479.73,   606.64,   598.33
  478.95,   727.55,   346.43
  480.80,   729.09,   469.25
  482.30,   729.84,   595.12
  481.58,   851.29,   344.92
  483.97,   852.61,   467.67
  485.37,   853.45,   593.49
  600.36,   597.88,   345.84
  602.60,   600.45,   470.52
  605.59,   602.49,   596.69
  603.93,   724.24,   344.47
  605.39,   725.26,   469.00
  607.85,   726.73,   594.75
  606.25,   848.93,   342.93
  608.66,   850.28,   467.01
  610.66,   851.21,   592.59
  725.19,   594.30,   343.31
  728.14,   595.16,   469.56
  732.12,   597.37,   595.91
  728.66,   720.03,   343.98
  730.22,   721.16,   470.96
  734.19,   724.03,   596.17
  731.11,   846.07,   342.10
  732.74,   847.78,   468.11
  735.88,   849.92,   593.07
  475.71,   601.96,   471.35
  476.88,   604.37,   596.89
  478.70,   605.34,   723.94
  473.35,   726.33,   467.41
  473.58,   727.60,   593.21
  474.49,   728.96,   721.11
  470.64,   849.80,   465.39
  470.74,   851.16,   591.11
  471.15,   853.37,   718.77
  601.01,   603.58,   470.19
  602.70,   606.11,   596.34
  605.44,   608.63,   723.16
  597.98,   728.43,   468.06
  599.05,   730.29,   593.79
  601.62,   732.19,   720.19
  595.41,   853.31,   465.55
  596.09,   854.64,   591.17
  597.66,   856.62,   718.53
  726.51,   604.20,   470.63
  729.22,   607.01,   596.91
  732.82,   611.21,   722.28
  722.74,   730.29,   471.30
  725.30,   733.56,   596.43
  729.68,   737.36,   719.30
  719.51,   856.80,   467.39
  721.21,   859.12,   592.40
  724.95,   861.45,   717.83
  474.20,   601.44,   597.04
  470.70,   597.25,   724.00
  467.91,   593.60,   850.10
  476.81,   724.62,   598.67
  472.47,   720.87,   726.51
  470.24,   718.68,   852.19
  479.83,   848.12,   601.87
  475.04,   845.26,   729.50
  473.67,   843.63,   854.33
  600.02,   597.23,   601.83
  597.30,   594.57,   728.63
  594.46,   591.82,   853.80
  602.38,   721.35,   604.68
  599.69,   718.15,   730.88
  597.15,   716.11,   855.09
  605.12,   845.65,   607.51
  601.88,   842.60,   734.55
  600.26,   840.64,   858.73
  726.64,   591.97,   607.48
  724.60,   590.85,   733.06
  720.86,   589.34,   856.65
  728.96,   718.59,   612.29
  727.90,   717.32,   734.88
  724.60,   715.92,   856.88
  730.73,   844.35,   614.40
  729.76,   841.91,   738.72
  726.54,   839.85,   861.22
  600.57,    98.86,   100.51
  604.79,   102.53,   224.82
  608.99,   105.57,   349.03
  596.91,   223.69,    97.72
  600.57,   226.45,   222.10
  605.36,   230.07,   346.26
  593.63,   347.53,    94.56
  596.76,   349.56,   218.81
  601.01,   353.96,   342.51
  725.02,   101.22,    98.17
  729.32,   104.42,   222.57
  733.57,   108.23,   346.42
  721.10,   226.83,    94.49
  725.25,   229.11,   219.18
  730.38,   233.72,   343.51
  718.82,   351.58,    91.99
  721.19,   354.18,   215.47
  726.07,   358.07,   338.45
  851.07,   105.65,    93.79
  854.38,   108.60,   218.82
  858.01,   111.68,   342.72
  846.50,   231.77,    90.04
  849.65,   233.99,   214.86
  854.76,   237.15,   339.31
  843.91,   356.34,    88.81
  845.29,   359.37,   211.86
  850.59,   361.65,   334.70
  601.12,   101.01,   225.09
  598.01,   101.40,   349.26
  594.18,   101.25,   473.83
  599.41,   225.02,   224.91
  596.92,   225.98,   349.07
  593.57,   226.41,   473.78
  598.09,   348.22,   224.12
  595.09,   349.97,   347.91
  591.79,   351.48,   472.77
  725.75,   100.61,   230.11
  722.69,   101.68,   353.82
  719.40,   102.35,   478.17
  724.26,   225.31,   229.37
  722.07,   227.28,   353.75
  718.65,   228.30,   478.50
  722.62,   350.48,   228.00
  720.35,   351.68,   351.18
  717.60,   351.75,   476.06
  850.75,   102.19,   233.84
  847.13,   102.55,   357.65
  844.29,   103.16,   482.58
  848.75,   227.62,   232.43
  846.69,   228.31,   357.15
  844.04,   228.65,   482.67
  846.85,   353.09,   231.55
  845.17,   352.72,   354.73
  843.00,   351.63,   479.79
  601.33,    99.94,   351.71
  603.72,   102.65,   476.31
  605.52,   105.33,   601.58
  598.72,   224.50,   348.80
  601.55,   227.81,   473.53
  602.95,   230.41,   599.18
  595.34,   348.40,   344.91
  598.27,   352.72,   469.67
  600.50,   355.50,   595.65
  725.99,   101.67,   350.08
  728.94,   105.28,   474.53
  731.42,   108.30,   599.90
  723.81,   227.18,   347.24
  726.69,   231.11,   471.96
  727.97,   233.06,   597.70
  720.50,   351.55,   341.99
  724.07,   354.47,   466.65
  726.22,   355.42,   593.31
  850.44,   104.05,   347.67
  853.74,   107.51,   472.58
  857.08,   110.60,   598.77
  848.32,   229.68,   344.31
  852.03,   232.74,   469.64
  853.98,   235.07,   595.80
  845.15,   354.19,   339.31
  849.36,   355.91,   464.06
  851.39,   357.32,   590.46
  600.10,   102.76,   474.52
  597.37,    99.75,   599.74
  595.04,    96.84,   725.44
  599.70,   227.93,   477.36
  596.60,   224.82,   603.02
  593.02,   221.36,   728.81
  598.21,   352.94,   479.16
  595.90,   349.98,   605.25
  593.04,   345.76,   731.42
  725.34,   103.58,   477.21
  723.41,   100.76,   602.41
  721.27,    97.64,   728.24
  724.84,   229.49,   480.37
  721.52,   225.75,   606.16
  717.40,   220.68,   732.17
  724.08,   352.77,   480.79
  721.52,   348.05,   607.64
  717.82,   342.62,   734.29
  850.22,   104.05,   479.84
  849.12,   101.35,   605.84
  846.76,    98.90,   731.29
  850.28,   229.39,   482.75
  847.50,   226.14,   609.04
  842.99,   222.72,   734.64
  849.47,   352.37,   482.80
  846.67,   348.18,   609.48
  842.13,   344.49,   736.07
  598.17,   101.83,   600.17
  597.37,   102.60,   725.89
  597.70,   103.56,   850.89
  599.89,   226.95,   599.66
  597.90,   227.16,   725.55
  597.55,   228.17,   849.62
  601.67,   352.05,   598.04
  600.47,   351.51,   724.33
  599.48,   352.31,   849.44
  724.22,   100.42,   601.19
  723.54,   101.11,   727.11
  723.07,   102.33,   853.75
  724.87,   225.51,   601.17
  722.36,   224.12,   727.26
  720.87,   224.07,   851.08
  727.35,   347.84,   598.75
  725.34,   346.05,   725.53
  723.60,   347.26,   849.78
  849.93,    98.51,   602.88
  849.16,    99.93,   728.51
  847.65,   102.61,   854.69
  850.91,   223.47,   602.41
  848.06,   223.92,   728.07
  846.14,   224.67,   851.36
  852.52,   345.72,   598.94
  849.65,   345.97,   725.59
  847.61,   347.09,   849.86
  600.81,   223.68,   100.56
  602.42,   225.41,   224.99
  605.08,   227.96,   349.21
  600.74,   347.56,    98.45
  601.78,   348.64,   222.68
  603.93,   351.96,   346.44
  600.84,   472.24,    96.41
  601.73,   473.44,   220.67
  603.25,   476.81,   344.08
  725.08,   223.61,    99.54
  727.25,   224.97,   224.31
  730.22,   228.51,   348.74
  725.87,   348.51,    98.04
  726.31,   350.17,   221.50
  729.16,   352.94,   344.63
  726.95,   473.82,    95.93
  726.20,   475.67,   219.01
  728.31,   477.22,   341.88
  850.58,   225.56,    97.19
  851.77,   226.65,   222.18
  854.74,   228.75,   346.81
  850.86,   350.37,    96.91
  850.56,   352.16,   220.00
  853.86,   353.26,   343.09
  851.24,   475.15,    95.25
  849.78,   477.32,   217.79
  852.69,   477.54,   340.89
  598.17,   223.51,   227.37
  599.05,   224.47,   351.61
  599.03,   224.94,   476.42
  596.61,   346.69,   226.58
  596.99,   348.49,   350.44
  597.07,   349.96,   475.36
  595.61,   471.41,   226.09
  595.34,   473.36,   349.60
  595.08,   475.01,   474.37
  723.04,   223.96,   228.49
  724.21,   225.96,   352.95
  724.18,   227.04,   477.78
  721.18,   349.11,   227.14
  722.27,   350.38,   350.38
  722.92,   350.43,   475.30
  720.10,   474.55,   226.13
  720.50,   474.63,   349.11
  721.19,   473.85,   474.38
  847.56,   226.47,   228.21
  848.82,   227.18,   352.93
  849.61,   227.49,   478.48
  845.43,   351.97,   227.38
  847.07,   351.64,   350.58
  848.32,   350.58,   475.63
  843.76,   477.11,   226.59
  845.03,   475.79,   349.78
  846.49,   474.17,   475.13
  601.42,   225.06,   348.82
  601.83,   225.23,   473.61
  600.80,   224.66,   599.29
  597.27,   349.02,   347.97
  597.76,   350.17,   472.86
  597.53,   349.80,   598.94
  593.53,   473.85,   347.50
  593.67,   475.21,   472.24
  593.83,   474.97,   598.47
  726.53,   228.63,   349.71
  726.96,   229.39,   474.54
  725.76,   228.23,   600.35
  722.47,   353.00,   347.49
  723.57,   352.73,   472.37
  723.19,   350.57,   599.16
  718.64,   477.25,   346.62
  719.72,   476.17,   471.85
  720.23,   474.54,   598.85
  851.07,   231.94,   349.21
  852.33,   231.85,   474.73
  851.76,   231.10,   601.03
  847.19,   356.38,   347.27
  848.91,   354.96,   472.26
  848.36,   353.25,   598.86
  843.10,   480.52,   346.89
  844.98,   478.55,   472.24
  845.31,   477.03,   598.65
  601.48,   225.42,   473.99
  597.84,   227.26,   599.61
  593.67,   228.69,   725.43
  597.22,   350.33,   470.76
  594.36,   352.45,   596.75
  591.01,   353.24,   722.94
  592.93,   475.33,   467.65
  590.42,   477.64,   593.77
  588.12,   478.88,   720.57
  726.57,   229.82,   477.48
  722.71,   230.97,   603.22
  718.01,   230.65,   729.27
  723.00,   353.14,   472.82
  719.99,   353.39,   599.55
  715.90,   352.87,   726.28
  718.93,   476.58,   469.81
  716.80,   477.45,   596.75
  714.29,   479.05,   723.79
  851.94,   232.50,   480.26
  848.60,   234.11,   606.49
  843.43,   235.45,   732.18
  848.32,   355.57,   475.29
  845.11,   356.16,   601.86
  840.16,   357.24,   728.47
  844.19,   479.15,   472.79
  841.93,   479.99,   599.21
  838.51,   482.25,   725.42
  599.99,   226.49,   600.73
  600.65,   224.15,   726.61
  602.98,   222.57,   850.63
  601.39,   351.57,   601.64
  602.83,   348.41,   727.92
  604.49,   346.71,   852.90
  602.44,   476.61,   602.48
  605.04,   474.04,   729.38
  607.34,   472.40,   854.90
  724.99,   225.49,   599.51
  725.16,   221.64,   725.61
  726.30,   219.08,   849.49
  727.06,   347.77,   599.63
  727.67,   343.44,   726.39
  728.54,   342.07,   850.54
  728.85,   471.55,   600.56
  731.02,   469.22,   727.57
  732.48,   469.26,   852.45
  851.05,   223.83,   598.01
  850.96,   221.90,   723.70
  851.69,   220.34,   847.14
  852.26,   346.08,   597.06
  852.03,   343.97,   723.71
  852.58,   342.69,   848.01
  853.73,   469.86,   597.87
  854.70,   468.65,   723.99
  855.41,   468.90,   850.23
  600.95,   348.19,    99.06
  600.04,   346.87,   223.31
  600.23,   347.75,   347.13
  599.81,   472.83,    99.46
  598.76,   471.63,   223.70
  598.30,   472.61,   347.18
  598.25,   599.27,    99.99
  598.08,   598.62,   224.37
  597.26,   598.74,   348.09
  726.04,   350.35,   100.63
  724.59,   349.62,   224.08
  725.49,   349.96,   347.29
  725.81,   475.70,   100.89
  723.23,   475.08,   223.96
  723.43,   474.21,   346.91
  724.68,   602.17,   100.31
  723.07,   601.47,   223.71
  722.17,   599.28,   349.17
  850.93,   353.52,   101.47
  848.84,   352.80,   224.52
  850.25,   351.51,   347.69
  849.95,   478.40,   102.07
  846.86,   477.93,   224.65
  847.92,   475.69,   347.82
  849.28,   603.70,   101.13
  846.73,   602.92,   224.27
  846.38,   600.19,   350.53
  600.78,   350.14,   226.81
  601.80,   348.90,   350.61
  602.55,   347.28,   475.51
  601.74,   474.98,   229.33
  602.12,   473.78,   352.78
  602.55,   472.21,   477.58
  603.36,   602.02,   232.11
  603.28,   599.81,   355.89
  602.85,   597.07,   480.68
  725.33,   350.68,   226.72
  727.09,   348.86,   349.95
  728.40,   345.85,   474.89
  726.20,   476.13,   228.70
  727.29,   473.04,   351.69
  728.68,   469.09,   476.97
  728.28,   602.44,   230.68
  728.19,   597.94,   356.23
  728.54,   593.63,   482.40
  849.60,   351.59,   226.33
  851.87,   348.14,   349.54
  853.76,   344.09,   474.60
  849.81,   476.66,   228.62
  851.80,   472.26,   351.79
  853.89,   467.65,   477.04
  851.79,   601.51,   230.50
  852.43,   596.70,   356.72
  854.05,   592.78,   483.50
  600.62,   350.44,   349.00
  599.75,   350.25,   473.89
  598.14,   348.55,   599.98
  596.75,   475.30,   349.79
  595.53,   475.26,   474.56
  594.31,   473.70,   600.81
  593.77,   601.41,   351.42
  591.69,   600.24,   476.05
  590.33,   598.49,   602.21
  725.83,   354.55,   349.89
  725.56,   352.91,   474.82
  723.76,   349.42,   601.64
  721.87,   478.75,   350.32
  721.58,   476.29,   475.61
  720.70,   473.36,   602.62
  718.66,   603.79,   353.43
  717.23,   600.96,   479.56
  716.93,   599.50,   605.76
  850.56,   357.97,   351.08
  850.88,   355.23,   476.13
  848.89,   352.26,   602.76
  846.35,   482.09,   352.04
  846.83,   478.82,   477.43
  845.72,   476.01,   603.80
  842.90,   606.54,   355.72
  842.78,   603.97,   482.75
  842.68,   602.64,   608.23
  602.14,   350.12,   472.78
  603.07,   352.27,   598.83
  603.47,   352.99,   725.12
  604.11,   474.98,   469.49
  605.46,   477.23,   595.74
  606.99,   478.61,   722.67
  606.43,   599.82,   467.31
  607.67,   601.96,   593.46
  609.95,   604.13,   720.28
  727.97,   346.74,   471.27
  728.73,   347.09,   597.98
  728.32,   346.59,   724.73
  730.16,   470.02,   467.96
  731.86,   470.80,   594.96
  733.00,   472.37,   722.01
  731.99,   594.52,   468.08
  734.22,   596.78,   594.43
  737.23,   600.47,   720.00
  853.29,   343.05,   470.14
  853.90,   344.06,   596.59
  852.61,   345.75,   723.19
  855.31,   466.66,   467.16
  856.70,   467.84,   593.42
  856.64,   470.46,   719.55
  857.35,   591.74,   468.15
  859.61,   594.21,   593.88
  861.29,   597.76,   717.95
  599.80,   350.25,   599.00
  597.06,   347.01,   725.25
  594.58,   345.10,   850.27
  597.86,   475.37,   600.07
  596.23,   472.63,   726.92
  594.36,   470.62,   852.54
  595.77,   600.17,   601.77
  594.83,   598.06,   728.65
  593.80,   595.93,   853.86
  725.45,   349.24,   601.23
  721.90,   344.78,   727.98
  718.67,   343.29,   852.14
  724.28,   473.15,   602.43
  722.29,   470.71,   729.44
  719.66,   470.51,   854.29
  722.42,   599.32,   605.86
  722.25,   598.84,   731.40
  720.39,   597.92,   854.96
  850.59,   350.29,   602.91
  846.21,   347.70,   729.57
  842.77,   346.04,   853.65
  849.25,   474.09,   604.09
  846.22,   472.49,   730.30
  842.93,   472.46,   856.21
  848.08,   600.72,   608.69
  846.93,   600.22,   732.65
  844.13,   600.10,   856.59
  600.41,   472.21,   101.49
  598.83,   468.63,   225.65
  597.86,   467.21,   349.11
  603.19,   598.63,   104.45
  602.40,   595.58,   228.70
  601.02,   593.22,   352.41
  605.56,   725.83,   107.12
  606.45,   723.21,   232.13
  604.60,   719.43,   356.60
  726.28,   470.81,   103.37
  723.25,   467.76,   226.39
  723.00,   464.56,   349.27
  729.48,   597.27,   105.16
  727.25,   594.04,   228.57
  725.90,   589.41,   353.83
  731.87,   723.68,   106.06
  731.92,   720.44,   231.82
  729.25,   714.97,   360.39
  850.33,   469.30,   105.00
  846.89,   466.34,   227.56
  847.56,   461.77,   350.56
  853.76,   594.52,   106.48
  850.68,   591.21,   229.68
  850.11,   586.14,   355.57
  857.95,   720.08,   107.83
  855.77,   715.63,   233.03
  853.38,   710.99,   362.00
  598.89,   472.56,   226.46
  595.98,   475.63,   349.93
  593.04,   478.46,   474.67
  598.13,   599.55,   225.06
  594.87,   601.77,   348.75
  591.10,   603.45,   473.33
  597.78,   727.20,   224.06
  594.20,   728.15,   348.29
  589.75,   728.21,   472.47
  723.33,   476.12,   229.06
  721.12,   477.28,   352.06
  719.12,   477.66,   477.37
  723.09,   602.48,   226.81
  719.74,   602.36,   352.32
  716.62,   602.37,   478.48
  723.38,   729.05,   225.42
  718.88,   728.20,   354.05
  714.50,   728.44,   480.43
  846.94,   479.01,   232.13
  845.67,   478.78,   355.37
  844.44,   478.30,   480.79
  846.69,   603.97,   229.80
  843.98,   603.31,   356.19
  842.21,   603.55,   483.26
  847.56,   728.71,   228.69
  842.99,   728.39,   358.03
  840.21,   730.07,   486.84
  599.50,   474.41,   347.56
  597.55,   477.29,   472.30
  595.60,   478.67,   598.53
  600.51,   600.53,   346.37
  597.72,   602.23,   471.02
  595.62,   603.42,   597.11
  601.96,   726.93,   345.97
  598.44,   727.06,   470.32
  595.80,   727.53,   595.99
  724.64,   473.99,   348.78
  723.65,   474.43,   474.04
  722.04,   474.40,   601.05
  725.38,   599.04,   348.92
  723.29,   599.07,   475.15
  722.24,   600.50,   601.40
  726.67,   724.82,   350.68
  723.26,   725.15,   477.33
  722.20,   727.02,   602.30
  849.17,   473.43,   351.18
  848.93,   473.08,   476.50
  847.07,   473.17,   602.88
  849.56,   597.96,   351.75
  848.82,   598.28,   478.76
  847.94,   599.82,   604.37
  850.72,   722.93,   353.32
  849.01,   724.69,   482.30
  848.72,   727.46,   606.91
  598.36,   477.49,   474.60
  600.49,   477.07,   600.88
  602.79,   475.72,   727.79
  595.22,   602.47,   474.99
  597.22,   601.90,   601.20
  600.23,   601.26,   728.11
  592.66,   727.24,   475.83
  594.08,   726.01,   601.71
  596.98,   724.81,   728.20
  724.40,   477.86,   472.31
  726.88,   476.09,   599.32
  728.85,   475.09,   726.35
  720.75,   602.56,   475.18
  723.78,   602.28,   601.43
  727.59,   603.26,   726.96
  717.47,   728.65,   478.84
  720.45,   728.79,   603.92
  725.12,   729.49,   726.85
  849.58,   479.84,   470.78
  851.82,   478.39,   597.07
  852.66,   478.40,   723.14
  846.23,   605.00,   474.91
  849.41,   604.95,   600.49
  852.11,   605.95,   724.34
  843.13,   731.40,   480.10
  846.91,   732.51,   604.73
  850.87,   734.06,   725.07
  599.45,   476.58,   600.83
  598.00,   474.80,   727.71
  596.33,   473.77,   853.32
  601.79,   601.30,   601.73
  601.07,   600.23,   728.58
  600.22,   599.09,   853.71
  604.24,   725.46,   602.98
  603.53,   723.84,   729.21
  602.99,   723.42,   853.41
  725.85,   469.99,   602.97
  723.99,   468.46,   729.99
  721.53,   469.25,   854.83
  728.43,   596.07,   605.54
  728.42,   596.57,   731.08
  726.70,   596.68,   854.63
  730.79,   722.72,   608.78
  731.74,   723.05,   731.38
  730.54,   723.36,   853.27
  850.74,   466.64,   604.32
  847.78,   465.96,   730.60
  844.66,   466.83,   856.55
  853.90,   593.19,   607.83
  852.72,   593.57,   731.95
  850.07,   594.46,   856.22
  857.11,   720.85,   612.50
  857.12,   721.80,   733.02
  855.01,   721.37,   854.55
  599.29,   600.99,   102.29
  599.25,   599.64,   226.63
  598.54,   598.99,   350.37
  600.07,   728.22,   103.34
  601.77,   727.31,   228.42
  600.66,   725.30,   352.82
  601.62,   852.38,   105.06
  603.03,   851.32,   231.18
  601.62,   849.99,   355.08
  725.69,   601.12,   102.42
  724.20,   599.65,   225.85
  723.44,   596.71,   351.27
  726.36,   727.52,   101.82
  727.35,   726.18,   227.31
  725.37,   722.43,   356.00
  726.95,   851.45,   103.16
  728.29,   850.83,   230.00
  726.38,   848.57,   357.86
  850.21,   599.90,   103.12
  847.77,   598.34,   226.29
  847.66,   594.90,   352.42
  852.69,   725.62,   102.77
  851.44,   722.94,   227.93
  849.51,   719.85,   357.06
  852.91,   851.12,   104.09
  852.61,   848.53,   229.38
  850.78,   846.24,   358.34
  600.67,   599.31,   225.86
  599.72,   596.63,   349.55
  598.37,   593.47,   474.20
  603.51,   726.94,   229.61
  602.14,   722.89,   354.00
  600.02,   718.17,   478.42
  605.06,   850.93,   234.36
  603.46,   847.60,   358.26
  602.23,   842.99,   482.35
  725.60,   598.99,   225.27
  724.62,   594.05,   350.60
  724.03,   589.18,   476.65
  729.07,   725.43,   228.76
  726.84,   719.67,   357.38
  724.98,   715.12,   483.86
  730.32,   850.09,   233.49
  728.19,   845.77,   361.39
  726.39,   841.66,   487.23
  849.13,   597.34,   225.93
  848.82,   591.93,   351.93
  849.53,   587.30,   478.62
  853.08,   721.84,   229.58
  850.97,   716.80,   358.61
  850.81,   713.63,   487.23
  854.60,   847.36,   233.07
  852.58,   843.10,   362.09
  851.75,   840.24,   490.48
  602.21,   601.18,   347.27
  598.42,   600.72,   471.90
  595.33,   599.79,   597.98
  606.68,   727.47,   349.17
  602.15,   725.44,   473.56
  598.59,   723.84,   599.20
  609.89,   852.12,   350.80
  606.38,   850.36,   474.84
  602.31,   848.15,   600.44
  726.99,   596.55,   350.76
  723.96,   594.43,   476.90
  721.91,   593.68,   603.11
  731.26,   722.18,   354.91
  726.96,   720.42,   481.49
  725.04,   720.19,   606.35
  734.61,   848.31,   356.12
  730.41,   846.99,   481.94
  727.73,   845.96,   606.81
  851.11,   592.39,   354.51
  849.43,   590.52,   481.30
  847.48,   589.77,   606.86
  855.24,   717.29,   358.41
  852.72,   716.92,   487.19
  851.42,   717.47,   611.60
  858.90,   843.55,   359.09
  855.68,   843.46,   487.49
  854.36,   843.48,   612.19
  600.34,   600.97,   473.52
  599.10,   602.89,   599.67
  598.82,   604.69,   726.52
  602.38,   725.76,   472.18
  600.61,   727.03,   597.88
  600.26,   728.26,   724.21
  604.92,   850.74,   470.44
  602.69,   851.43,   596.03
  601.52,   852.78,   723.29
  725.95,   596.45,   476.83
  725.73,   598.63,   603.12
  726.25,   602.11,   728.66
  727.25,   722.51,   478.39
  727.07,   725.20,   603.38
  728.47,   728.38,   726.15
  729.02,   849.11,   475.69
  728.02,   850.95,   600.57
  729.14,   852.78,   725.47
  851.46,   594.38,   479.53
  851.32,   596.67,   605.16
  850.76,   600.08,   729.23
  853.01,   720.75,   482.34
  853.50,   724.27,   606.98
  854.11,   728.24,   727.47
  854.23,   847.28,   479.31
  854.55,   850.11,   604.19
  855.74,   852.57,   725.80
  600.28,   602.08,   599.48
  604.52,   601.04,   726.35
  608.62,   600.03,   851.45
  600.71,   726.25,   600.52
  604.92,   724.70,   726.85
  609.37,   724.40,   850.99
  601.63,   850.63,   601.52
  605.09,   849.23,   728.80
  610.42,   848.81,   853.40
  726.83,   598.88,   598.45
  731.81,   599.38,   724.01
  735.16,   599.66,   847.57
  727.10,   725.50,   601.57
  733.01,   725.90,   724.37
  737.00,   726.49,   846.02
  727.00,   851.27,   601.52
  732.67,   850.39,   726.41
  736.83,   849.94,   849.38
  852.37,   598.03,   596.11
  856.09,   598.50,   720.08
  858.36,   599.53,   844.24
  853.44,   725.61,   600.88
  858.39,   726.67,   721.41
  861.39,   726.51,   842.60
  853.40,   851.50,   600.72
  859.08,   851.18,   722.37
  861.99,   850.60,   844.07
