27, 125, pa2-debug-d-output1.txt
  196.58,   197.94,   208.28
  398.72,   404.05,   194.90
  100.43,    99.29,   100.94
  100.29,   102.33,   225.90
  100.14,   105.37,   350.86
  104.15,   224.20,    97.90
  104.01,   227.24,   222.87
  103.86,   230.28,   347.83
  107.88,   349.10,    94.87
  107.73,   352.15,   219.83
  107.59,   355.19,   344.79
  225.38,    95.57,   101.17
  225.23,    98.61,   226.14
  225.09,   101.65,   351.10
  229.10,   220.48,    98.14
  228.95,   223.52,   223.10
  228.81,   226.56,   348.06
  232.82,   345.39,    95.10
  232.68,   348.43,   220.07
  232.53,   351.47,   345.03
  350.32,    91.85,   101.41
  350.17,    94.89,   226.37
  350.03,    97.93,   351.34
  354.04,   216.76,    98.37
  353.90,   219.80,   223.34
  353.75,   222.84,   348.30
  357.77,   341.67,    95.34
  357.62,   344.71,   220.30
  357.48,   347.75,   345.26
  100.21,   100.43,   224.04
   98.38,    98.45,   349.01
   96.56,    96.47,   473.98
  101.80,   225.40,   226.04
   99.97,   223.42,   351.01
   98.15,   221.44,   475.98
  103.39,   350.37,   228.04
  101.56,   348.39,   353.01
   99.74,   346.42,   477.98
  225.18,    98.81,   225.84
  223.36,    96.83,   350.81
  221.54,    94.85,   475.78
  226.77,   223.78,   227.84
  224.95,   221.80,   352.81
  223.13,   219.82,   477.78
  228.36,   348.75,   229.84
  226.54,   346.78,   354.81
  224.72,   344.80,   479.78
  350.16,    97.19,   227.64
  348.34,    95.21,   352.61
  346.51,    93.23,   477.58
  351.75,   222.16,   229.64
  349.93,   220.18,   354.61
  348.10,   218.20,   479.58
  353.34,   347.13,   231.64
  351.52,   345.16,   356.61
  349.69,   343.18,   481.58
   98.23,    99.17,   350.23
  101.91,    99.44,   475.18
  105.60,    99.71,   600.12
   94.82,   224.12,   350.06
   98.50,   224.39,   475.01
  102.19,   224.66,   599.95
   91.40,   349.08,   349.89
   95.09,   349.35,   474.84
   98.78,   349.62,   599.78
  223.13,   102.57,   346.54
  226.81,   102.84,   471.48
  230.50,   103.11,   596.43
  219.71,   227.53,   346.37
  223.40,   227.80,   471.31
  227.09,   228.07,   596.26
  216.30,   352.48,   346.20
  219.99,   352.75,   471.15
  223.68,   353.02,   596.09
  348.02,   105.98,   342.85
  351.71,   106.25,   467.79
  355.40,   106.52,   592.74
  344.61,   230.93,   342.68
  348.30,   231.20,   467.62
  351.99,   231.47,   592.57
  341.20,   355.89,   342.51
  344.89,   356.16,   467.45
  348.58,   356.42,   592.40
   99.37,    99.68,   475.91
   99.36,   102.43,   600.88
   99.34,   105.17,   725.85
  100.31,   224.65,   473.16
  100.29,   227.39,   598.13
  100.28,   230.14,   723.10
  101.25,   349.61,   470.42
  101.23,   352.36,   595.39
  101.21,   355.10,   720.36
  224.37,    98.75,   475.94
  224.35,   101.49,   600.91
  224.34,   104.23,   725.88
  225.31,   223.71,   473.20
  225.29,   226.46,   598.17
  225.27,   229.20,   723.14
  226.24,   348.68,   470.46
  226.23,   351.42,   595.43
  226.21,   354.17,   720.40
  349.37,    97.81,   475.98
  349.35,   100.55,   600.95
  349.33,   103.30,   725.92
  350.30,   222.78,   473.24
  350.29,   225.52,   598.21
  350.27,   228.26,   723.18
  351.24,   347.74,   470.49
  351.22,   350.49,   595.46
  351.21,   353.23,   720.43
   98.14,    99.20,   598.97
  101.24,    97.27,   723.92
  104.34,    95.33,   848.86
  100.61,   224.17,   600.85
  103.71,   222.23,   725.79
  106.81,   220.29,   850.74
  103.09,   349.13,   602.72
  106.19,   347.19,   727.67
  109.29,   345.25,   852.62
  223.08,    96.78,   595.83
  226.18,    94.84,   720.78
  229.28,    92.90,   845.73
  225.55,   221.74,   597.71
  228.65,   219.80,   722.66
  231.75,   217.86,   847.60
  228.02,   346.70,   599.59
  231.12,   344.76,   724.53
  234.22,   342.83,   849.48
  348.01,    94.35,   592.70
  351.11,    92.42,   717.64
  354.21,    90.48,   842.59
  350.49,   219.31,   594.57
  353.59,   217.38,   719.52
  356.69,   215.44,   844.47
  352.96,   344.28,   596.45
  356.06,   342.34,   721.40
  359.16,   340.40,   846.34
  101.03,   226.60,    98.17
   98.02,   225.28,   223.13
   95.00,   223.97,   348.09
  101.36,   351.59,    99.50
   98.35,   350.27,   224.45
   95.33,   348.96,   349.41
  101.69,   476.58,   100.82
   98.68,   475.27,   225.78
   95.66,   473.95,   350.74
  225.99,   226.24,   101.18
  222.98,   224.92,   226.14
  219.97,   223.60,   351.10
  226.32,   351.23,   102.51
  223.31,   349.91,   227.46
  220.30,   348.60,   352.42
  226.65,   476.22,   103.83
  223.64,   474.91,   228.79
  220.63,   473.59,   353.75
  350.96,   225.88,   104.19
  347.94,   224.56,   229.15
  344.93,   223.24,   354.11
  351.29,   350.87,   105.52
  348.27,   349.55,   230.47
  345.26,   348.24,   355.43
  351.62,   475.86,   106.84
  348.60,   474.55,   231.80
  345.59,   473.23,   356.75
   99.32,   225.95,   225.28
  100.92,   226.55,   350.26
  102.53,   227.14,   475.25
  100.19,   350.95,   224.67
  101.80,   351.54,   349.66
  103.40,   352.14,   474.65
  101.06,   475.95,   224.06
  102.67,   476.54,   349.05
  104.28,   477.13,   474.04
  224.30,   225.07,   223.67
  225.91,   225.67,   348.66
  227.51,   226.26,   473.65
  225.18,   350.07,   223.07
  226.78,   350.66,   348.06
  228.39,   351.26,   473.04
  226.05,   475.06,   222.46
  227.66,   475.66,   347.45
  229.26,   476.25,   472.44
  349.29,   224.19,   222.07
  350.89,   224.78,   347.06
  352.50,   225.38,   472.05
  350.16,   349.19,   221.47
  351.77,   349.78,   346.46
  353.37,   350.37,   471.44
  351.04,   474.18,   220.86
  352.64,   474.78,   345.85
  354.25,   475.37,   470.84
  100.98,   226.54,   349.06
   99.41,   227.88,   474.04
   97.84,   229.22,   599.02
  103.23,   351.51,   347.74
  101.66,   352.85,   472.72
  100.10,   354.20,   597.71
  105.48,   476.48,   346.43
  103.92,   477.83,   471.41
  102.35,   479.17,   596.39
  225.95,   224.30,   350.65
  224.38,   225.64,   475.63
  222.81,   226.99,   600.61
  228.20,   349.27,   349.33
  226.63,   350.62,   474.32
  225.07,   351.96,   599.30
  230.45,   474.25,   348.02
  228.89,   475.59,   473.00
  227.32,   476.93,   597.98
  350.92,   222.06,   352.24
  349.35,   223.41,   477.22
  347.78,   224.75,   602.21
  353.17,   347.04,   350.92
  351.60,   348.38,   475.91
  350.04,   349.73,   600.89
  355.42,   472.01,   349.61
  353.86,   473.35,   474.59
  352.29,   474.70,   599.57
   98.39,   225.57,   474.71
   97.96,   223.73,   599.70
   97.53,   221.89,   724.69
  101.62,   350.51,   476.56
  101.19,   348.67,   601.55
  100.76,   346.83,   726.54
  104.85,   475.46,   478.41
  104.42,   473.62,   603.40
  103.99,   471.78,   728.39
  223.35,   222.33,   475.10
  222.92,   220.49,   600.08
  222.49,   218.65,   725.07
  226.58,   347.28,   476.95
  226.15,   345.44,   601.93
  225.72,   343.60,   726.92
  229.81,   472.22,   478.80
  229.38,   470.38,   603.78
  228.95,   468.54,   728.77
  348.31,   219.10,   475.48
  347.88,   217.26,   600.46
  347.45,   215.42,   725.45
  351.54,   344.04,   477.33
  351.11,   342.20,   602.31
  350.68,   340.36,   727.30
  354.77,   468.99,   479.18
  354.34,   467.15,   604.16
  353.91,   465.31,   729.15
  101.97,   225.67,   598.89
  100.16,   224.38,   723.87
   98.34,   223.08,   848.85
  105.65,   350.61,   600.24
  103.83,   349.32,   725.22
  102.01,   348.02,   850.20
  109.32,   475.55,   601.59
  107.50,   474.25,   726.58
  105.69,   472.96,   851.56
  226.91,   221.98,   600.67
  225.09,   220.68,   725.65
  223.27,   219.39,   850.63
  230.58,   346.92,   602.02
  228.76,   345.62,   727.00
  226.95,   344.33,   851.98
  234.25,   471.86,   603.37
  232.44,   470.56,   728.35
  230.62,   469.26,   853.33
  351.84,   218.29,   602.45
  350.02,   216.99,   727.43
  348.20,   215.69,   852.41
  355.51,   343.23,   603.80
  353.70,   341.93,   728.78
  351.88,   340.63,   853.76
  359.19,   468.17,   605.15
  357.37,   466.87,   730.13
  355.55,   465.57,   855.11
  101.62,   349.12,    99.99
  103.12,   351.70,   224.95
  104.61,   354.29,   349.92
  100.23,   474.08,    97.42
  101.73,   476.67,   222.38
  103.23,   479.26,   347.35
   98.85,   599.05,    94.85
  100.34,   601.64,   219.81
  101.84,   604.22,   344.78
  226.60,   350.47,    98.46
  228.10,   353.06,   223.43
  229.60,   355.65,   348.39
  225.22,   475.44,    95.89
  226.71,   478.03,   220.86
  228.21,   480.61,   345.82
  223.83,   600.40,    93.32
  225.33,   602.99,   218.29
  226.82,   605.58,   343.25
  351.59,   351.83,    96.94
  353.08,   354.41,   221.90
  354.58,   357.00,   346.87
  350.20,   476.79,    94.37
  351.70,   479.38,   219.33
  353.19,   481.97,   344.30
  348.81,   601.76,    91.80
  350.31,   604.35,   216.76
  351.81,   606.93,   341.73
   99.24,   348.64,   223.32
   98.05,   345.88,   348.28
   96.86,   343.13,   473.25
   98.94,   473.61,   226.07
   97.75,   470.85,   351.04
   96.56,   468.10,   476.00
   98.64,   598.58,   228.83
   97.45,   595.82,   353.79
   96.26,   593.07,   478.75
  224.24,   348.92,   224.51
  223.05,   346.16,   349.48
  221.86,   343.41,   474.44
  223.93,   473.89,   227.27
  222.74,   471.13,   352.23
  221.55,   468.37,   477.20
  223.63,   598.86,   230.02
  222.44,   596.10,   354.99
  221.25,   593.34,   479.95
  349.23,   349.20,   225.71
  348.04,   346.44,   350.67
  346.85,   343.68,   475.64
  348.93,   474.17,   228.46
  347.74,   471.41,   353.43
  346.55,   468.65,   478.39
  348.62,   599.13,   231.22
  347.43,   596.38,   356.18
  346.24,   593.62,   481.15
  101.37,   349.67,   349.73
   99.92,   350.87,   474.71
   98.48,   352.07,   599.70
   97.97,   474.62,   348.49
   96.52,   475.82,   473.48
   95.08,   477.02,   598.46
   94.57,   599.57,   347.26
   93.12,   600.77,   472.24
   91.68,   601.96,   597.23
  226.31,   353.09,   351.14
  224.87,   354.29,   476.12
  223.43,   355.48,   601.11
  222.91,   478.04,   349.90
  221.47,   479.23,   474.89
  220.03,   480.43,   599.87
  219.51,   602.98,   348.67
  218.07,   604.18,   473.65
  216.63,   605.38,   598.64
  351.26,   356.50,   352.55
  349.81,   357.70,   477.53
  348.37,   358.90,   602.52
  347.86,   481.45,   351.31
  346.41,   482.65,   476.30
  344.97,   483.85,   601.28
  344.46,   606.40,   350.08
  343.01,   607.60,   475.06
  341.57,   608.79,   600.05
   98.15,   349.88,   476.71
   99.28,   346.29,   601.65
  100.42,   342.70,   726.60
   97.91,   474.83,   480.30
   99.05,   471.24,   605.25
  100.18,   467.65,   730.19
   97.68,   599.78,   483.90
   98.81,   596.19,   608.84
   99.95,   592.60,   733.78
  223.14,   350.15,   475.58
  224.28,   346.56,   600.53
  225.41,   342.97,   725.47
  222.91,   475.09,   479.17
  224.04,   471.50,   604.12
  225.18,   467.92,   729.06
  222.67,   600.04,   482.77
  223.81,   596.45,   607.71
  224.94,   592.86,   732.65
  348.13,   350.41,   474.45
  349.27,   346.82,   599.40
  350.41,   343.23,   724.34
  347.90,   475.36,   478.05
  349.04,   471.77,   602.99
  350.17,   468.18,   727.93
  347.67,   600.31,   481.64
  348.80,   596.72,   606.58
  349.94,   593.13,   731.52
  100.81,   351.36,   598.63
  100.68,   351.69,   723.63
  100.55,   352.01,   848.62
   97.72,   476.33,   598.30
   97.59,   476.65,   723.30
   97.45,   476.97,   848.30
   94.62,   601.29,   597.98
   94.49,   601.61,   722.98
   94.36,   601.93,   847.98
  225.77,   354.46,   598.75
  225.64,   354.78,   723.75
  225.51,   355.11,   848.75
  222.68,   479.42,   598.42
  222.55,   479.75,   723.42
  222.42,   480.07,   848.42
  219.58,   604.38,   598.10
  219.45,   604.71,   723.10
  219.32,   605.03,   848.10
  350.74,   357.56,   598.87
  350.61,   357.88,   723.87
  350.48,   358.20,   848.87
  347.64,   482.52,   598.55
  347.51,   482.84,   723.54
  347.38,   483.16,   848.54
  344.54,   607.48,   598.22
  344.41,   607.80,   723.22
  344.28,   608.13,   848.22
   98.43,   475.34,    99.17
  101.19,   476.25,   224.13
  103.95,   477.17,   349.10
   97.33,   600.33,    98.27
  100.09,   601.25,   223.24
  102.86,   602.16,   348.20
   96.24,   725.32,    97.38
   99.00,   726.24,   222.35
  101.76,   727.16,   347.31
  223.40,   476.42,    96.40
  226.16,   477.33,   221.36
  228.92,   478.25,   346.33
  222.30,   601.41,    95.50
  225.06,   602.33,   220.47
  227.82,   603.24,   345.44
  221.20,   726.40,    94.61
  223.96,   727.32,   219.58
  226.72,   728.23,   344.54
  348.36,   477.49,    93.63
  351.12,   478.41,   218.59
  353.88,   479.33,   343.56
  347.26,   602.49,    92.73
  350.02,   603.40,   217.70
  352.79,   604.32,   342.67
  346.16,   727.48,    91.84
  348.93,   728.40,   216.81
  351.69,   729.31,   341.77
  101.78,   476.73,   224.77
  105.28,   473.52,   349.68
  108.77,   470.32,   474.59
   98.86,   601.65,   228.06
  102.35,   598.45,   352.97
  105.85,   595.24,   477.88
   95.94,   726.57,   231.34
   99.43,   723.37,   356.25
  102.92,   720.17,   481.16
  226.70,   479.74,   221.36
  230.19,   476.54,   346.27
  233.69,   473.33,   471.18
  223.78,   604.66,   224.64
  227.27,   601.46,   349.55
  230.76,   598.26,   474.46
  220.85,   729.59,   227.93
  224.35,   726.38,   352.84
  227.84,   723.18,   477.75
  351.62,   482.75,   217.94
  355.11,   479.55,   342.85
  358.61,   476.35,   467.76
  348.69,   607.68,   221.23
  352.19,   604.47,   346.14
  355.68,   601.27,   471.05
  345.77,   732.60,   224.51
  349.26,   729.40,   349.42
  352.76,   726.19,   474.33
   98.00,   473.32,   349.47
   97.07,   470.37,   474.44
   96.14,   467.42,   599.40
   99.73,   598.28,   352.44
   98.80,   595.33,   477.40
   97.87,   592.38,   602.36
  101.46,   723.23,   355.40
  100.53,   720.28,   480.36
   99.59,   717.33,   605.32
  222.99,   471.57,   350.37
  222.06,   468.62,   475.33
  221.12,   465.67,   600.29
  224.72,   596.53,   353.33
  223.78,   593.58,   478.29
  222.85,   590.63,   603.25
  226.45,   721.48,   356.29
  225.51,   718.53,   481.25
  224.58,   715.58,   606.21
  347.97,   469.82,   351.26
  347.04,   466.87,   476.22
  346.11,   463.93,   601.18
  349.70,   594.78,   354.22
  348.77,   591.83,   479.18
  347.84,   588.88,   604.14
  351.43,   719.73,   357.18
  350.50,   716.78,   482.14
  349.56,   713.83,   607.11
   99.49,   475.36,   476.58
  103.02,   475.66,   601.53
  106.55,   475.96,   726.48
  102.93,   600.31,   476.19
  106.47,   600.61,   601.13
  110.00,   600.91,   726.08
  106.38,   725.26,   475.79
  109.91,   725.56,   600.74
  113.44,   725.86,   725.68
  224.39,   471.90,   473.06
  227.92,   472.20,   598.01
  231.45,   472.50,   722.96
  227.84,   596.85,   472.66
  231.37,   597.15,   597.61
  234.90,   597.45,   722.56
  231.28,   721.80,   472.26
  234.82,   722.10,   597.21
  238.35,   722.41,   722.16
  349.29,   468.44,   469.54
  352.82,   468.74,   594.49
  356.35,   469.05,   719.44
  352.74,   593.39,   469.14
  356.27,   593.69,   594.09
  359.80,   594.00,   719.04
  356.19,   718.34,   468.74
  359.72,   718.65,   593.69
  363.25,   718.95,   718.64
   98.19,   474.25,   599.87
   96.22,   476.05,   724.84
   94.25,   477.86,   849.81
   95.79,   599.21,   598.03
   93.82,   601.02,   723.00
   91.85,   602.82,   847.97
   93.39,   724.18,   596.18
   91.42,   725.98,   721.16
   89.45,   727.78,   846.13
  223.15,   476.68,   601.80
  221.18,   478.48,   726.77
  219.21,   480.28,   851.75
  220.75,   601.64,   599.96
  218.78,   603.44,   724.93
  216.81,   605.25,   849.90
  218.35,   726.60,   598.12
  216.38,   728.41,   723.09
  214.41,   730.21,   848.06
  348.11,   479.10,   603.74
  346.14,   480.90,   728.71
  344.17,   482.71,   853.68
  345.71,   604.06,   601.90
  343.74,   605.87,   726.87
  341.77,   607.67,   851.84
  343.32,   729.03,   600.06
  341.34,   730.83,   725.03
  339.37,   732.63,   850.00
  101.77,   599.89,    99.72
   98.33,   599.33,   224.67
   94.88,   598.78,   349.63
   99.76,   724.87,   100.23
   96.31,   724.32,   225.18
   92.86,   723.76,   350.13
   97.74,   849.86,   100.73
   94.30,   849.30,   225.68
   90.85,   848.74,   350.63
  226.71,   601.89,   103.18
  223.26,   601.33,   228.13
  219.81,   600.78,   353.08
  224.69,   726.87,   103.68
  221.25,   726.32,   228.63
  217.80,   725.76,   353.58
  222.68,   851.86,   104.18
  219.23,   851.30,   229.13
  215.79,   850.74,   354.09
  351.65,   603.89,   106.64
  348.20,   603.33,   231.59
  344.75,   602.78,   356.54
  349.63,   728.87,   107.14
  346.18,   728.32,   232.09
  342.74,   727.76,   357.04
  347.62,   853.86,   107.64
  344.17,   853.30,   232.59
  340.72,   852.74,   357.54
  101.84,   601.78,   226.18
  101.81,   600.10,   351.17
  101.79,   598.42,   476.16
  102.53,   726.76,   227.86
  102.50,   725.09,   352.85
  102.47,   723.41,   477.84
  103.22,   851.75,   229.54
  103.19,   850.07,   354.53
  103.16,   848.40,   479.51
  226.84,   601.09,   226.20
  226.81,   599.41,   351.19
  226.78,   597.73,   476.18
  227.53,   726.08,   227.88
  227.50,   724.40,   352.87
  227.47,   722.72,   477.86
  228.21,   851.06,   229.56
  228.19,   849.39,   354.54
  228.16,   847.71,   479.53
  351.84,   600.40,   226.22
  351.81,   598.72,   351.21
  351.78,   597.05,   476.20
  352.53,   725.39,   227.90
  352.50,   723.71,   352.89
  352.47,   722.03,   477.88
  353.21,   850.38,   229.57
  353.18,   848.70,   354.56
  353.16,   847.02,   479.55
  101.62,   599.25,   349.10
  100.37,   598.69,   474.09
   99.13,   598.14,   599.08
   99.00,   724.22,   349.63
   97.75,   723.67,   474.62
   96.50,   723.11,   599.61
   96.37,   849.19,   350.16
   95.12,   848.64,   475.15
   93.88,   848.08,   600.14
  226.59,   601.87,   350.36
  225.34,   601.31,   475.35
  224.09,   600.76,   600.34
  223.96,   726.84,   350.89
  222.72,   726.29,   475.88
  221.47,   725.73,   600.87
  221.34,   851.81,   351.42
  220.09,   851.26,   476.41
  218.84,   850.70,   601.40
  351.55,   604.49,   351.62
  350.31,   603.93,   476.61
  349.06,   603.38,   601.60
  348.93,   729.46,   352.15
  347.68,   728.90,   477.14
  346.43,   728.35,   602.13
  346.31,   854.43,   352.68
  345.06,   853.88,   477.67
  343.81,   853.32,   602.66
   99.50,   598.93,   475.51
   96.41,   600.29,   600.47
   93.31,   601.64,   725.42
   99.73,   723.92,   474.16
   96.63,   725.28,   599.12
   93.54,   726.64,   724.07
   99.95,   848.92,   472.81
   96.85,   850.27,   597.77
   93.76,   851.63,   722.72
  224.46,   598.74,   478.61
  221.37,   600.10,   603.57
  218.27,   601.45,   728.52
  224.69,   723.73,   477.26
  221.59,   725.09,   602.21
  218.50,   726.45,   727.17
  224.91,   848.73,   475.91
  221.82,   850.08,   600.86
  218.72,   851.44,   725.82
  349.42,   598.55,   481.71
  346.33,   599.91,   606.66
  343.23,   601.26,   731.62
  349.65,   723.54,   480.36
  346.55,   724.90,   605.31
  343.46,   726.26,   730.27
  349.87,   848.54,   479.01
  346.78,   849.89,   603.96
  343.68,   851.25,   728.92
   98.91,   598.69,   601.28
   96.78,   599.19,   726.26
   94.65,   599.69,   851.24
  100.87,   723.67,   600.81
   98.75,   724.17,   725.79
   96.62,   724.68,   850.77
  102.84,   848.66,   600.34
  100.71,   849.16,   725.32
   98.59,   849.66,   850.30
  223.87,   596.73,   603.41
  221.75,   597.23,   728.39
  219.62,   597.73,   853.37
  225.84,   721.71,   602.94
  223.71,   722.22,   727.92
  221.59,   722.72,   852.90
  227.81,   846.70,   602.47
  225.68,   847.20,   727.45
  223.55,   847.70,   852.44
  348.84,   594.77,   605.55
  346.71,   595.27,   730.53
  344.59,   595.78,   855.51
  350.81,   719.75,   605.08
  348.68,   720.26,   730.06
  346.55,   720.76,   855.04
  352.77,   844.74,   604.61
  350.65,   845.24,   729.59
  348.52,   845.74,   854.57
  223.83,   101.71,    98.11
  221.23,   105.19,   223.03
  218.63,   108.67,   347.96
  227.41,   226.61,    94.71
  224.80,   230.09,   219.63
  222.20,   233.57,   344.56
  230.98,   351.52,    91.30
  228.38,   354.99,   216.23
  225.77,   358.47,   341.15
  348.75,    98.21,   100.81
  346.15,   101.69,   225.73
  343.55,   105.16,   350.66
  352.33,   223.11,    97.41
  349.72,   226.59,   222.33
  347.12,   230.07,   347.26
  355.90,   348.02,    94.00
  353.30,   351.49,   218.93
  350.70,   354.97,   343.85
  473.67,    94.71,   103.51
  471.07,    98.19,   228.43
  468.47,   101.66,   353.36
  477.25,   219.61,   100.11
  474.65,   223.09,   225.03
  472.04,   226.57,   349.96
  480.82,   344.51,    96.70
  478.22,   347.99,   221.63
  475.62,   351.47,   346.55
  226.03,    98.73,   225.89
  228.82,    98.76,   350.86
  231.60,    98.79,   475.83
  225.41,   223.73,   225.87
  228.20,   223.76,   350.84
  230.98,   223.79,   475.81
  224.79,   348.73,   225.86
  227.58,   348.76,   350.83
  230.36,   348.79,   475.80
  351.00,    99.35,   223.10
  353.78,    99.38,   348.07
  356.57,    99.41,   473.04
  350.38,   224.35,   223.09
  353.16,   224.38,   348.06
  355.95,   224.41,   473.03
  349.76,   349.34,   223.07
  352.55,   349.37,   348.04
  355.33,   349.40,   473.01
  475.97,    99.97,   220.32
  478.75,   100.00,   345.29
  481.54,   100.03,   470.26
  475.35,   224.97,   220.30
  478.13,   225.00,   345.27
  480.92,   225.03,   470.24
  474.73,   349.96,   220.29
  477.51,   349.99,   345.25
  480.30,   350.02,   470.22
  224.18,   100.22,   351.63
  223.67,    97.12,   476.59
  223.16,    94.02,   601.55
  225.99,   225.17,   354.74
  225.48,   222.07,   479.70
  224.96,   218.97,   604.66
  227.80,   350.11,   357.85
  227.28,   347.01,   482.81
  226.77,   343.91,   607.77
  349.17,    98.40,   352.10
  348.65,    95.30,   477.06
  348.14,    92.20,   602.02
  350.97,   223.35,   355.21
  350.46,   220.25,   480.17
  349.95,   217.15,   605.13
  352.78,   348.29,   358.31
  352.27,   345.19,   483.27
  351.76,   342.09,   608.23
  474.15,    96.58,   352.57
  473.64,    93.48,   477.53
  473.13,    90.38,   602.49
  475.96,   221.53,   355.67
  475.45,   218.43,   480.63
  474.94,   215.33,   605.59
  477.77,   346.47,   358.78
  477.26,   343.37,   483.74
  476.74,   340.27,   608.70
  226.45,    99.55,   474.09
  228.10,    98.90,   599.08
  229.76,    98.25,   724.07
  224.57,   224.53,   474.77
  226.23,   223.88,   599.76
  227.88,   223.23,   724.74
  222.70,   349.52,   475.44
  224.35,   348.87,   600.43
  226.00,   348.22,   725.42
  351.43,   101.43,   472.45
  353.08,   100.78,   597.44
  354.73,   100.13,   722.42
  349.55,   226.42,   473.12
  351.20,   225.77,   598.11
  352.86,   225.12,   723.10
  347.67,   351.40,   473.80
  349.33,   350.75,   598.79
  350.98,   350.10,   723.77
  476.40,   103.32,   470.81
  478.05,   102.67,   595.79
  479.71,   102.02,   720.78
  474.52,   228.30,   471.48
  476.18,   227.65,   596.47
  477.83,   227.00,   721.46
  472.65,   353.29,   472.16
  474.30,   352.64,   597.14
  475.95,   351.99,   722.13
  224.13,   100.68,   599.91
  223.01,    99.01,   724.89
  221.89,    97.34,   849.88
  222.47,   225.66,   601.56
  221.35,   223.99,   726.55
  220.23,   222.32,   851.53
  220.81,   350.64,   603.21
  219.69,   348.97,   728.20
  218.57,   347.30,   853.18
  349.11,   102.32,   601.05
  348.00,   100.65,   726.03
  346.88,    98.99,   851.02
  347.46,   227.30,   602.70
  346.34,   225.63,   727.69
  345.22,   223.96,   852.67
  345.80,   352.28,   604.36
  344.68,   350.61,   729.34
  343.56,   348.94,   854.32
  474.10,   103.97,   602.19
  472.98,   102.30,   727.17
  471.86,   100.63,   852.16
  472.44,   228.94,   603.84
  471.32,   227.28,   728.83
  470.20,   225.61,   853.81
  470.78,   353.92,   605.50
  469.66,   352.25,   730.48
  468.54,   350.59,   855.46
  225.01,   224.43,   101.90
  223.36,   223.37,   226.89
  221.71,   222.31,   351.87
  221.65,   349.38,   102.91
  220.00,   348.32,   227.90
  218.34,   347.26,   352.88
  218.28,   474.33,   103.92
  216.63,   473.27,   228.91
  214.98,   472.21,   353.89
  349.95,   227.77,   103.58
  348.30,   226.72,   228.56
  346.65,   225.66,   353.55
  346.59,   352.72,   104.59
  344.94,   351.67,   229.58
  343.29,   350.61,   354.56
  343.23,   477.67,   105.60
  341.58,   476.62,   230.59
  339.93,   475.56,   355.57
  474.90,   231.12,   105.26
  473.24,   230.07,   230.24
  471.59,   229.01,   355.23
  471.53,   356.07,   106.27
  469.88,   355.02,   231.25
  468.23,   353.96,   356.24
  468.17,   481.02,   107.28
  466.52,   479.97,   232.26
  464.87,   478.91,   357.25
  226.23,   223.71,   224.32
  227.06,   223.09,   349.31
  227.88,   222.47,   474.31
  225.25,   348.70,   224.95
  226.07,   348.08,   349.94
  226.90,   347.46,   474.94
  224.27,   473.70,   225.57
  225.09,   473.08,   350.57
  225.91,   472.46,   475.56
  351.23,   224.69,   223.50
  352.05,   224.07,   348.50
  352.87,   223.45,   473.49
  350.24,   349.69,   224.13
  351.07,   349.07,   349.12
  351.89,   348.45,   474.12
  349.26,   474.68,   224.75
  350.08,   474.06,   349.75
  350.91,   473.44,   474.75
  476.22,   225.68,   222.68
  477.04,   225.06,   347.68
  477.87,   224.44,   472.67
  475.24,   350.68,   223.31
  476.06,   350.06,   348.30
  476.88,   349.44,   473.30
  474.25,   475.67,   223.94
  475.08,   475.05,   348.93
  475.90,   474.43,   473.93
  223.19,   226.86,   348.73
  221.70,   229.85,   473.69
  220.20,   232.84,   598.64
  221.65,   351.82,   345.72
  220.16,   354.81,   470.68
  218.67,   357.79,   595.64
  220.11,   476.77,   342.72
  218.62,   479.76,   467.67
  217.13,   482.75,   592.63
  348.17,   228.44,   350.19
  346.68,   231.42,   475.14
  345.19,   234.41,   600.10
  346.63,   353.39,   347.18
  345.14,   356.38,   472.13
  343.65,   359.37,   597.09
  345.10,   478.34,   344.17
  343.60,   481.33,   469.13
  342.11,   484.32,   594.08
  473.15,   230.01,   351.64
  471.66,   233.00,   476.60
  470.17,   235.98,   601.55
  471.62,   354.96,   348.63
  470.12,   357.95,   473.59
  468.63,   360.94,   598.55
  470.08,   479.92,   345.63
  468.59,   482.90,   470.58
  467.09,   485.89,   595.54
  225.99,   224.97,   476.70
  226.53,   224.54,   601.70
  227.08,   224.10,   726.69
  228.50,   349.95,   477.12
  229.05,   349.51,   602.12
  229.59,   349.08,   727.12
  231.02,   474.92,   477.55
  231.56,   474.48,   602.54
  232.10,   474.05,   727.54
  350.96,   222.46,   476.15
  351.51,   222.02,   601.14
  352.05,   221.59,   726.14
  353.48,   347.43,   476.57
  354.02,   347.00,   601.57
  354.56,   346.56,   726.57
  355.99,   472.41,   476.99
  356.53,   471.97,   601.99
  357.08,   471.54,   726.99
  475.94,   219.95,   475.59
  476.48,   219.51,   600.59
  477.02,   219.08,   725.59
  478.45,   344.92,   476.02
  478.99,   344.49,   601.02
  479.54,   344.05,   726.01
  480.96,   469.90,   476.44
  481.51,   469.46,   601.44
  482.05,   469.03,   726.44
  225.17,   226.03,   598.72
  222.58,   226.27,   723.69
  219.99,   226.50,   848.67
  225.56,   351.03,   598.49
  222.96,   351.27,   723.47
  220.37,   351.50,   848.44
  225.94,   476.03,   598.27
  223.35,   476.27,   723.24
  220.75,   476.50,   848.21
  350.15,   225.66,   601.31
  347.55,   225.89,   726.28
  344.96,   226.12,   851.26
  350.53,   350.65,   601.09
  347.94,   350.89,   726.06
  345.34,   351.12,   851.03
  350.91,   475.65,   600.86
  348.32,   475.89,   725.83
  345.73,   476.12,   850.81
  475.12,   225.28,   603.90
  472.53,   225.51,   728.88
  469.94,   225.75,   853.85
  475.50,   350.28,   603.68
  472.91,   350.51,   728.65
  470.32,   350.75,   853.62
  475.88,   475.28,   603.45
  473.29,   475.51,   728.42
  470.70,   475.74,   853.40
  225.15,   350.82,    99.17
  225.19,   352.06,   224.16
  225.22,   353.31,   349.16
  226.20,   475.81,    97.93
  226.24,   477.05,   222.92
  226.28,   478.30,   347.92
  227.25,   600.80,    96.69
  227.29,   602.04,   221.68
  227.33,   603.28,   346.67
  350.15,   349.77,    99.14
  350.18,   351.01,   224.14
  350.22,   352.26,   349.13
  351.20,   474.76,    97.90
  351.23,   476.00,   222.90
  351.27,   477.24,   347.89
  352.25,   599.75,    96.66
  352.29,   600.99,   221.65
  352.32,   602.23,   346.65
  475.14,   348.72,    99.12
  475.18,   349.96,   224.11
  475.22,   351.20,   349.11
  476.19,   473.71,    97.88
  476.23,   474.95,   222.87
  476.27,   476.19,   347.86
  477.24,   598.70,    96.63
  477.28,   599.94,   221.63
  477.32,   601.18,   346.62
  223.38,   349.20,   223.87
  225.12,   346.13,   348.82
  226.85,   343.06,   473.77
  223.87,   474.16,   226.93
  225.60,   471.09,   351.88
  227.34,   468.02,   476.83
  224.36,   599.13,   230.00
  226.09,   596.05,   354.95
  227.83,   592.98,   479.90
  348.37,   348.76,   222.12
  350.10,   345.69,   347.07
  351.84,   342.61,   472.02
  348.86,   473.72,   225.19
  350.59,   470.65,   350.14
  352.33,   467.57,   475.09
  349.34,   598.68,   228.25
  351.08,   595.61,   353.20
  352.81,   592.54,   478.15
  473.36,   348.32,   220.37
  475.09,   345.24,   345.32
  476.83,   342.17,   470.27
  473.84,   473.28,   223.44
  475.58,   470.20,   348.39
  477.31,   467.13,   473.34
  474.33,   598.24,   226.51
  476.06,   595.16,   351.46
  477.80,   592.09,   476.41
  225.55,   348.55,   351.07
  227.82,   346.27,   476.03
  230.08,   343.99,   600.99
  226.42,   473.53,   353.34
  228.69,   471.25,   478.30
  230.95,   468.97,   603.26
  227.29,   598.51,   355.61
  229.56,   596.22,   480.56
  231.82,   593.94,   605.52
  350.53,   347.72,   348.79
  352.79,   345.44,   473.75
  355.05,   343.16,   598.71
  351.40,   472.70,   351.06
  353.66,   470.42,   476.02
  355.92,   468.14,   600.98
  352.27,   597.68,   353.33
  354.53,   595.40,   478.29
  356.79,   593.11,   603.25
  475.51,   346.90,   346.52
  477.77,   344.61,   471.48
  480.03,   342.33,   596.43
  476.38,   471.87,   348.78
  478.64,   469.59,   473.74
  480.90,   467.31,   598.70
  477.25,   596.85,   351.05
  479.51,   594.57,   476.01
  481.77,   592.28,   600.97
  226.04,   349.16,   475.44
  227.41,   346.24,   600.40
  228.78,   343.33,   725.36
  224.21,   474.11,   478.38
  225.58,   471.19,   603.34
  226.95,   468.28,   728.29
  222.38,   599.06,   481.31
  223.75,   596.14,   606.27
  225.12,   593.23,   731.23
  351.02,   351.02,   474.12
  352.39,   348.10,   599.08
  353.76,   345.19,   724.03
  349.19,   475.97,   477.05
  350.56,   473.05,   602.01
  351.93,   470.14,   726.97
  347.36,   600.92,   479.99
  348.73,   598.01,   604.95
  350.10,   595.09,   729.91
  476.00,   352.88,   472.79
  477.37,   349.96,   597.75
  478.73,   347.05,   722.71
  474.17,   477.83,   475.73
  475.54,   474.91,   600.69
  476.90,   472.00,   725.65
  472.34,   602.78,   478.66
  473.71,   599.87,   603.62
  475.08,   596.95,   728.58
  223.18,   349.96,   600.11
  222.29,   347.48,   725.08
  221.40,   345.00,   850.05
  224.00,   474.93,   602.59
  223.12,   472.45,   727.56
  222.23,   469.98,   852.54
  224.83,   599.90,   605.08
  223.95,   597.43,   730.05
  223.06,   594.95,   855.02
  348.17,   349.11,   600.98
  347.28,   346.64,   725.95
  346.40,   344.16,   850.92
  349.00,   474.09,   603.46
  348.11,   471.61,   728.43
  347.23,   469.13,   853.40
  349.83,   599.06,   605.94
  348.94,   596.58,   730.92
  348.06,   594.10,   855.89
  473.16,   348.27,   601.85
  472.28,   345.79,   726.82
  471.39,   343.31,   851.79
  473.99,   473.24,   604.33
  473.11,   470.76,   729.30
  472.22,   468.29,   854.27
  474.82,   598.21,   606.81
  473.93,   595.74,   731.78
  473.05,   593.26,   856.76
  226.38,   474.14,    99.23
  223.19,   475.09,   224.18
  220.01,   476.05,   349.14
  224.73,   599.12,    98.23
  221.55,   600.08,   223.18
  218.36,   601.04,   348.14
  223.08,   724.11,    97.23
  219.90,   725.06,   222.18
  216.72,   726.02,   347.14
  351.33,   475.81,   102.40
  348.14,   476.77,   227.35
  344.96,   477.72,   352.31
  349.68,   600.79,   101.40
  346.50,   601.75,   226.35
  343.31,   602.71,   351.31
  348.03,   725.78,   100.40
  344.85,   726.74,   225.35
  341.67,   727.69,   350.31
  476.28,   477.48,   105.57
  473.09,   478.44,   230.52
  469.91,   479.39,   355.48
  474.63,   602.46,   104.57
  471.44,   603.42,   229.52
  468.26,   604.38,   354.48
  472.98,   727.45,   103.57
  469.80,   728.41,   228.53
  466.61,   729.36,   353.48
  226.40,   473.59,   225.78
  228.55,   476.81,   350.72
  230.71,   480.04,   475.66
  228.38,   598.53,   222.52
  230.53,   601.76,   347.46
  232.69,   604.98,   472.40
  230.36,   723.48,   219.26
  232.52,   726.70,   344.20
  234.67,   729.92,   469.14
  351.36,   471.56,   223.67
  353.52,   474.78,   348.61
  355.67,   478.00,   473.55
  353.34,   596.50,   220.42
  355.50,   599.72,   345.36
  357.66,   602.94,   470.30
  355.33,   721.44,   217.16
  357.48,   724.66,   342.10
  359.64,   727.88,   467.04
  476.33,   469.52,   221.57
  478.48,   472.74,   346.51
  480.64,   475.96,   471.45
  478.31,   594.46,   218.31
  480.46,   597.68,   343.25
  482.62,   600.90,   468.19
  480.29,   719.40,   215.06
  482.45,   722.62,   340.00
  484.60,   725.85,   464.94
  225.24,   475.00,   351.85
  225.34,   473.83,   476.85
  225.44,   472.66,   601.84
  223.17,   599.97,   353.02
  223.26,   598.81,   478.01
  223.36,   597.64,   603.01
  221.09,   724.95,   354.18
  221.18,   723.78,   479.18
  221.28,   722.62,   604.17
  350.23,   477.08,   351.77
  350.33,   475.91,   476.77
  350.43,   474.75,   601.76
  348.15,   602.05,   352.94
  348.25,   600.89,   477.93
  348.35,   599.72,   602.93
  346.07,   727.03,   354.10
  346.17,   725.87,   479.10
  346.27,   724.70,   604.09
  475.21,   479.16,   351.69
  475.31,   477.99,   476.69
  475.41,   476.83,   601.68
  473.13,   604.13,   352.86
  473.23,   602.97,   477.85
  473.33,   601.80,   602.85
  471.05,   729.11,   354.02
  471.15,   727.95,   479.02
  471.25,   726.78,   604.01
  225.37,   475.20,   474.22
  228.51,   478.36,   599.14
  231.66,   481.52,   724.06
  223.24,   600.14,   471.12
  226.38,   603.30,   596.04
  229.53,   606.47,   720.96
  221.11,   725.09,   468.01
  224.26,   728.25,   592.93
  227.40,   731.41,   717.85
  350.31,   477.25,   471.02
  353.45,   480.41,   595.94
  356.60,   483.57,   720.86
  348.18,   602.19,   467.92
  351.33,   605.35,   592.84
  354.47,   608.51,   717.76
  346.05,   727.13,   464.81
  349.20,   730.30,   589.73
  352.35,   733.46,   714.65
  475.25,   479.30,   467.82
  478.40,   482.46,   592.75
  481.54,   485.62,   717.67
  473.12,   604.24,   464.72
  476.27,   607.40,   589.64
  479.42,   610.56,   714.56
  470.99,   729.18,   461.61
  474.14,   732.34,   586.53
  477.29,   735.51,   711.45
  224.73,   476.47,   600.71
  226.42,   472.70,   725.64
  228.11,   468.93,   850.57
  227.74,   601.37,   604.43
  229.43,   597.61,   729.37
  231.12,   593.84,   854.30
  230.75,   726.28,   608.16
  232.44,   722.52,   733.09
  234.13,   718.75,   858.02
  349.68,   473.51,   598.93
  351.37,   469.74,   723.86
  353.06,   465.97,   848.79
  352.69,   598.41,   602.65
  354.38,   594.65,   727.59
  356.08,   590.88,   852.52
  355.70,   723.32,   606.38
  357.40,   719.56,   731.31
  359.09,   715.79,   856.24
  474.63,   470.55,   597.15
  476.32,   466.78,   722.08
  478.02,   463.01,   847.01
  477.64,   595.45,   600.87
  479.34,   591.69,   725.80
  481.03,   587.92,   850.74
  480.66,   720.36,   604.60
  482.35,   716.60,   729.53
  484.04,   712.83,   854.46
  223.47,   598.33,   101.37
  226.50,   598.24,   226.34
  229.52,   598.15,   351.30
  225.34,   723.31,   101.41
  228.36,   723.23,   226.38
  231.38,   723.14,   351.34
  227.20,   848.30,   101.46
  230.22,   848.21,   226.42
  233.24,   848.12,   351.38
  348.42,   596.47,    98.35
  351.45,   596.38,   223.31
  354.47,   596.29,   348.27
  350.28,   721.45,    98.39
  353.31,   721.37,   223.35
  356.33,   721.28,   348.32
  352.15,   846.44,    98.43
  355.17,   846.35,   223.40
  358.19,   846.26,   348.36
  473.37,   594.61,    95.32
  476.40,   594.52,   220.29
  479.42,   594.43,   345.25
  475.23,   719.59,    95.37
  478.26,   719.51,   220.33
  481.28,   719.42,   345.29
  477.10,   844.58,    95.41
  480.12,   844.49,   220.37
  483.14,   844.41,   345.33
  223.80,   600.16,   224.52
  226.65,   602.69,   349.46
  229.50,   605.22,   474.40
  224.13,   725.13,   221.98
  226.98,   727.66,   346.92
  229.84,   730.20,   471.86
  224.46,   850.10,   219.43
  227.31,   852.64,   344.38
  230.17,   855.17,   469.32
  348.76,   599.77,   221.67
  351.62,   602.30,   346.62
  354.47,   604.84,   471.56
  349.09,   724.74,   219.13
  351.95,   727.27,   344.07
  354.80,   729.81,   469.01
  349.43,   849.71,   216.59
  352.28,   852.25,   341.53
  355.13,   854.78,   466.47
  473.73,   599.38,   218.83
  476.58,   601.91,   343.77
  479.44,   604.45,   468.71
  474.06,   724.35,   216.28
  476.92,   726.89,   341.23
  479.77,   729.42,   466.17
  474.39,   849.32,   213.74
  477.25,   851.86,   338.68
  480.10,   854.39,   463.63
  224.73,   600.08,   350.74
  224.92,   603.63,   475.69
  225.12,   607.17,   600.64
  221.47,   724.99,   347.20
  221.67,   728.53,   472.15
  221.87,   732.08,   597.10
  218.22,   849.89,   343.66
  218.42,   853.44,   468.61
  218.62,   856.99,   593.56
  349.68,   603.33,   350.45
  349.88,   606.87,   475.40
  350.08,   610.42,   600.35
  346.43,   728.23,   346.91
  346.63,   731.78,   471.86
  346.83,   735.33,   596.81
  343.18,   853.14,   343.37
  343.37,   856.69,   468.32
  343.57,   860.23,   593.27
  474.64,   606.57,   350.16
  474.84,   610.12,   475.11
  475.04,   613.66,   600.06
  471.39,   731.48,   346.62
  471.59,   735.03,   471.57
  471.78,   738.57,   596.52
  468.13,   856.39,   343.08
  468.33,   859.93,   468.03
  468.53,   863.48,   592.98
  223.23,   601.33,   476.45
  225.96,   604.35,   601.39
  228.69,   607.37,   726.32
  221.17,   726.28,   473.47
  223.90,   729.30,   598.41
  226.62,   732.32,   723.34
  219.11,   851.22,   470.50
  221.83,   854.25,   595.43
  224.56,   857.27,   720.37
  348.18,   603.32,   473.67
  350.91,   606.35,   598.61
  353.64,   609.37,   723.54
  346.12,   728.27,   470.70
  348.85,   731.29,   595.63
  351.58,   734.31,   720.56
  344.06,   853.22,   467.72
  346.79,   856.24,   592.65
  349.52,   859.26,   717.59
  473.13,   605.32,   470.90
  475.86,   608.34,   595.83
  478.59,   611.36,   720.76
  471.07,   730.27,   467.92
  473.80,   733.29,   592.85
  476.53,   736.31,   717.79
  469.01,   855.21,   464.94
  471.74,   858.24,   589.88
  474.47,   861.26,   714.81
  224.80,   600.00,   601.53
  221.10,   596.54,   726.43
  217.41,   593.08,   851.33
  227.13,   724.93,   605.06
  223.43,   721.47,   729.96
  219.73,   718.01,   854.86
  229.45,   849.86,   608.59
  225.75,   846.40,   733.49
  222.06,   842.93,   858.39
  349.72,   597.57,   605.16
  346.03,   594.11,   730.06
  342.33,   590.65,   854.96
  352.05,   722.50,   608.69
  348.35,   719.04,   733.59
  344.65,   715.58,   858.49
  354.37,   847.43,   612.23
  350.68,   843.97,   737.12
  346.98,   840.51,   862.02
  474.65,   595.14,   608.80
  470.95,   591.68,   733.69
  467.25,   588.22,   858.59
  476.97,   720.07,   612.33
  473.28,   716.61,   737.22
  469.58,   713.15,   862.12
  479.30,   845.00,   615.86
  475.60,   841.54,   740.75
  471.90,   838.08,   865.65
  351.12,    98.52,   101.68
  351.79,   100.03,   226.67
  352.45,   101.53,   351.66
  354.58,   223.46,   100.16
  355.25,   224.97,   225.15
  355.92,   226.47,   350.13
  358.04,   348.40,    98.63
  358.71,   349.91,   223.62
  359.38,   351.42,   348.61
  476.07,    95.05,   101.05
  476.74,    96.56,   226.04
  477.40,    98.06,   351.03
  479.53,   219.99,    99.53
  480.20,   221.50,   224.52
  480.87,   223.01,   349.51
  482.99,   344.94,    98.01
  483.66,   346.44,   222.99
  484.33,   347.95,   347.98
  601.02,    91.58,   100.43
  601.69,    93.09,   225.42
  602.36,    94.59,   350.41
  604.48,   216.53,    98.90
  605.15,   218.03,   223.89
  605.82,   219.54,   348.88
  607.94,   341.47,    97.38
  608.61,   342.97,   222.37
  609.28,   344.48,   347.36
  351.59,   100.12,   225.27
  352.97,   101.03,   350.26
  354.36,   101.95,   475.24
  348.78,   225.09,   224.39
  350.16,   226.00,   349.37
  351.54,   226.91,   474.36
  345.96,   350.05,   223.50
  347.34,   350.97,   348.49
  348.73,   351.88,   473.48
  476.55,   102.93,   223.86
  477.94,   103.84,   348.85
  479.32,   104.75,   473.84
  473.74,   227.89,   222.98
  475.12,   228.80,   347.97
  476.50,   229.72,   472.96
  470.92,   352.86,   222.10
  472.31,   353.77,   347.09
  473.69,   354.68,   472.08
  601.51,   105.73,   222.46
  602.90,   106.64,   347.45
  604.28,   107.56,   472.44
  598.70,   230.70,   221.58
  600.08,   231.61,   346.57
  601.46,   232.52,   471.56
  595.88,   355.66,   220.70
  597.27,   356.57,   345.69
  598.65,   357.49,   470.68
  349.48,    99.23,   349.83
  349.86,    98.98,   474.83
  350.24,    98.72,   599.83
  348.11,   224.23,   350.09
  348.49,   223.97,   475.09
  348.87,   223.71,   600.09
  346.73,   349.22,   350.35
  347.11,   348.96,   475.35
  347.50,   348.70,   600.35
  474.47,   100.61,   349.45
  474.85,   100.35,   474.45
  475.24,   100.09,   599.45
  473.10,   225.60,   349.71
  473.48,   225.34,   474.71
  473.86,   225.08,   599.71
  471.73,   350.59,   349.98
  472.11,   350.33,   474.97
  472.49,   350.07,   599.97
  599.46,   101.98,   349.07
  599.85,   101.72,   474.07
  600.23,   101.46,   599.07
  598.09,   226.98,   349.33
  598.47,   226.72,   474.33
  598.85,   226.46,   599.33
  596.72,   351.97,   349.60
  597.10,   351.71,   474.60
  597.48,   351.45,   599.60
  349.11,    98.88,   475.15
  347.10,    98.63,   600.13
  345.09,    98.37,   725.11
  347.63,   223.88,   475.38
  345.62,   223.62,   600.36
  343.61,   223.36,   725.35
  346.16,   348.87,   475.61
  344.15,   348.61,   600.59
  342.14,   348.36,   725.58
  474.08,   100.35,   477.16
  472.07,   100.10,   602.14
  470.06,    99.84,   727.13
  472.61,   225.34,   477.39
  470.60,   225.09,   602.38
  468.59,   224.83,   727.36
  471.14,   350.34,   477.62
  469.13,   350.08,   602.61
  467.12,   349.83,   727.59
  599.06,   101.82,   479.17
  597.05,   101.57,   604.16
  595.04,   101.31,   729.14
  597.59,   226.81,   479.41
  595.57,   226.56,   604.39
  593.56,   226.30,   729.37
  596.11,   351.80,   479.64
  594.10,   351.55,   604.62
  592.09,   351.29,   729.60
  351.96,   101.26,   600.97
  349.25,   103.75,   725.92
  346.54,   106.25,   850.86
  350.29,   226.22,   598.44
  347.58,   228.72,   723.39
  344.87,   231.21,   848.33
  348.62,   351.19,   595.91
  345.91,   353.68,   720.86
  343.20,   356.17,   845.80
  476.92,   102.98,   603.65
  474.21,   105.48,   728.59
  471.50,   107.97,   853.54
  475.25,   227.95,   601.12
  472.54,   230.44,   726.06
  469.83,   232.93,   851.01
  473.58,   352.91,   598.59
  470.87,   355.40,   723.53
  468.16,   357.90,   848.48
  601.88,   104.71,   606.32
  599.17,   107.20,   731.27
  596.46,   109.69,   856.22
  600.21,   229.67,   603.79
  597.50,   232.16,   728.74
  594.79,   234.66,   853.69
  598.54,   354.64,   601.26
  595.83,   357.13,   726.21
  593.12,   359.62,   851.16
  351.66,   225.58,   101.35
  352.00,   226.56,   226.35
  352.34,   227.54,   351.35
  350.65,   350.57,   100.38
  351.00,   351.55,   225.37
  351.34,   352.53,   350.37
  349.65,   475.57,    99.40
  349.99,   476.54,   224.40
  350.34,   477.52,   349.39
  476.65,   226.58,   101.00
  477.00,   227.56,   226.00
  477.34,   228.54,   350.99
  475.65,   351.57,   100.03
  475.99,   352.55,   225.02
  476.34,   353.53,   350.02
  474.65,   476.57,    99.05
  474.99,   477.54,   224.05
  475.33,   478.52,   349.04
  601.65,   227.58,   100.65
  601.99,   228.56,   225.65
  602.34,   229.54,   350.64
  600.64,   352.57,    99.67
  600.99,   353.55,   224.67
  601.33,   354.53,   349.67
  599.64,   477.57,    98.70
  599.99,   478.54,   223.70
  600.33,   479.52,   348.69
  351.30,   225.54,   225.70
  353.31,   227.03,   350.67
  355.31,   228.51,   475.65
  348.68,   350.51,   224.26
  350.69,   351.99,   349.23
  352.70,   353.47,   474.21
  346.07,   475.47,   222.82
  348.08,   476.95,   347.79
  350.09,   478.44,   472.77
  476.25,   228.13,   223.66
  478.26,   229.62,   348.63
  480.27,   231.10,   473.61
  473.64,   353.10,   222.22
  475.65,   354.58,   347.19
  477.66,   356.06,   472.17
  471.03,   478.06,   220.78
  473.03,   479.54,   345.75
  475.04,   481.03,   470.73
  601.21,   230.72,   221.62
  603.22,   232.21,   346.59
  605.23,   233.69,   471.57
  598.60,   355.69,   220.18
  600.60,   357.17,   345.15
  602.61,   358.65,   470.13
  595.98,   480.65,   218.74
  597.99,   482.13,   343.71
  600.00,   483.62,   468.69
  348.82,   223.96,   348.13
  351.21,   222.47,   473.10
  353.59,   220.99,   598.07
  350.67,   348.94,   349.58
  353.05,   347.45,   474.55
  355.44,   345.96,   599.52
  352.51,   473.91,   351.03
  354.90,   472.43,   476.00
  357.28,   470.94,   600.97
  473.78,   222.14,   345.73
  476.17,   220.66,   470.69
  478.56,   219.17,   595.66
  475.63,   347.12,   347.18
  478.02,   345.63,   472.14
  480.40,   344.15,   597.11
  477.47,   472.10,   348.63
  479.86,   470.61,   473.59
  482.25,   469.13,   598.56
  598.75,   220.32,   343.32
  601.13,   218.84,   468.29
  603.52,   217.35,   593.26
  600.59,   345.30,   344.77
  602.98,   343.82,   469.74
  605.36,   342.33,   594.71
  602.44,   470.28,   346.22
  604.82,   468.79,   471.19
  607.21,   467.31,   596.16
  350.82,   226.43,   475.77
  348.20,   224.98,   600.74
  345.59,   223.53,   725.70
  352.29,   351.41,   477.25
  349.68,   349.96,   602.22
  347.06,   348.51,   727.18
  353.77,   476.39,   478.73
  351.15,   474.94,   603.70
  348.54,   473.49,   728.66
  475.78,   224.92,   478.37
  473.17,   223.47,   603.34
  470.55,   222.02,   728.30
  477.26,   349.91,   479.85
  474.64,   348.46,   604.82
  472.02,   347.01,   729.78
  478.73,   474.89,   481.33
  476.12,   473.44,   606.30
  473.50,   471.99,   731.26
  600.75,   223.42,   480.97
  598.13,   221.97,   605.93
  595.51,   220.52,   730.90
  602.22,   348.40,   482.45
  599.60,   346.95,   607.42
  596.99,   345.50,   732.38
  603.70,   473.38,   483.93
  601.08,   471.93,   608.90
  598.46,   470.48,   733.86
  350.83,   225.18,   599.34
  352.22,   221.50,   724.28
  353.61,   217.82,   849.22
  351.92,   350.12,   603.01
  353.30,   346.44,   727.95
  354.69,   342.76,   852.88
  353.00,   475.06,   606.68
  354.39,   471.38,   731.62
  355.77,   467.70,   856.55
  475.82,   224.14,   597.92
  477.21,   220.46,   722.86
  478.59,   216.78,   847.80
  476.90,   349.08,   601.59
  478.29,   345.40,   726.53
  479.68,   341.72,   851.47
  477.99,   474.02,   605.26
  479.37,   470.34,   730.20
  480.76,   466.66,   855.14
  600.81,   223.10,   596.50
  602.19,   219.42,   721.44
  603.58,   215.73,   846.38
  601.89,   348.04,   600.17
  603.28,   344.36,   725.11
  604.66,   340.68,   850.05
  602.97,   472.98,   603.84
  604.36,   469.30,   728.78
  605.75,   465.62,   853.72
  348.71,   350.89,    99.02
  351.79,   353.72,   223.95
  354.88,   356.56,   348.88
  346.46,   475.83,    96.24
  349.54,   478.67,   221.17
  352.63,   481.51,   346.10
  344.21,   600.78,    93.46
  347.29,   603.62,   218.39
  350.38,   606.46,   343.31
  473.65,   353.07,    95.89
  476.73,   355.90,   220.81
  479.82,   358.74,   345.74
  471.40,   478.02,    93.10
  474.48,   480.85,   218.03
  477.57,   483.69,   342.96
  469.15,   602.96,    90.32
  472.23,   605.80,   215.25
  475.32,   608.64,   340.18
  598.59,   355.25,    92.75
  601.68,   358.08,   217.68
  604.76,   360.92,   342.61
  596.34,   480.20,    89.97
  599.42,   483.03,   214.90
  602.51,   485.87,   339.83
  594.09,   605.14,    87.19
  597.17,   607.98,   212.12
  600.26,   610.82,   337.05
  351.29,   350.81,   223.83
  352.34,   352.90,   348.81
  353.39,   354.99,   473.79
  351.61,   475.79,   221.74
  352.67,   477.88,   346.71
  353.72,   479.97,   471.69
  351.94,   600.77,   219.64
  352.99,   602.87,   344.62
  354.05,   604.96,   469.60
  476.28,   350.47,   222.78
  477.33,   352.56,   347.76
  478.39,   354.65,   472.74
  476.61,   475.45,   220.69
  477.66,   477.54,   345.67
  478.71,   479.63,   470.64
  476.93,   600.43,   218.59
  477.99,   602.52,   343.57
  479.04,   604.61,   468.55
  601.28,   350.12,   221.74
  602.33,   352.21,   346.71
  603.38,   354.30,   471.69
  601.60,   475.10,   219.64
  602.66,   477.19,   344.62
  603.71,   479.29,   469.60
  601.93,   600.08,   217.55
  602.98,   602.18,   342.52
  604.04,   604.27,   467.50
  348.10,   349.26,   348.03
  349.21,   350.97,   473.01
  350.32,   352.68,   598.00
  347.05,   474.24,   346.33
  348.16,   475.95,   471.31
  349.28,   477.66,   596.30
  346.00,   599.23,   344.63
  347.12,   600.94,   469.61
  348.23,   602.65,   594.59
  473.09,   350.29,   346.90
  474.20,   352.00,   471.89
  475.32,   353.71,   596.87
  472.04,   475.28,   345.20
  473.15,   476.99,   470.19
  474.27,   478.70,   595.17
  470.99,   600.26,   343.50
  472.11,   601.97,   468.48
  473.22,   603.68,   593.47
  598.08,   351.32,   345.78
  599.19,   353.03,   470.76
  600.31,   354.74,   595.74
  597.03,   476.31,   344.08
  598.15,   478.02,   469.06
  599.26,   479.73,   594.04
  595.98,   601.29,   342.37
  597.10,   603.00,   467.36
  598.21,   604.71,   592.34
  348.11,   350.24,   475.90
  349.81,   348.90,   600.89
  351.51,   347.56,   725.87
  350.18,   475.21,   477.21
  351.88,   473.88,   602.19
  353.58,   472.54,   727.18
  352.25,   600.19,   478.52
  353.95,   598.85,   603.50
  355.64,   597.51,   728.49
  473.08,   348.19,   474.18
  474.78,   346.85,   599.17
  476.48,   345.51,   724.15
  475.15,   473.16,   475.49
  476.85,   471.82,   600.48
  478.55,   470.49,   725.46
  477.22,   598.14,   476.80
  478.92,   596.80,   601.78
  480.62,   595.46,   726.77
  598.05,   346.13,   472.46
  599.75,   344.80,   597.45
  601.45,   343.46,   722.43
  600.12,   471.11,   473.77
  601.82,   469.77,   598.76
  603.52,   468.44,   723.74
  602.19,   596.09,   475.08
  603.89,   594.75,   600.06
  605.59,   593.41,   725.05
  350.52,   349.69,   599.48
  350.35,   348.91,   724.47
  350.18,   348.14,   849.47
  347.28,   474.64,   600.24
  347.11,   473.87,   725.24
  346.95,   473.10,   850.24
  344.05,   599.60,   601.01
  343.88,   598.83,   726.01
  343.71,   598.06,   851.00
  475.48,   352.92,   599.66
  475.31,   352.15,   724.66
  475.14,   351.38,   849.66
  472.24,   477.88,   600.43
  472.07,   477.11,   725.43
  471.90,   476.33,   850.43
  469.00,   602.83,   601.20
  468.84,   602.06,   726.19
  468.67,   601.29,   851.19
  600.43,   356.16,   599.85
  600.27,   355.38,   724.85
  600.10,   354.61,   849.85
  597.20,   481.11,   600.62
  597.03,   480.34,   725.62
  596.86,   479.57,   850.61
  593.96,   606.07,   601.38
  593.79,   605.30,   726.38
  593.63,   604.53,   851.38
  348.20,   475.52,    99.19
  344.50,   477.34,   224.13
  340.81,   479.16,   349.06
  346.81,   600.50,    97.33
  343.12,   602.32,   222.26
  339.42,   604.14,   347.19
  345.43,   725.47,    95.47
  341.73,   727.30,   220.40
  338.04,   729.12,   345.33
  473.14,   476.96,   102.87
  469.44,   478.78,   227.80
  465.75,   480.60,   352.73
  471.75,   601.94,   101.00
  468.06,   603.76,   225.94
  464.36,   605.58,   350.87
  470.36,   726.92,    99.14
  466.67,   728.74,   224.07
  462.97,   730.56,   349.00
  598.08,   478.40,   106.54
  594.38,   480.22,   231.47
  590.68,   482.04,   356.41
  596.69,   603.38,   104.68
  592.99,   605.20,   229.61
  589.30,   607.02,   354.54
  595.30,   728.36,   102.81
  591.61,   730.18,   227.75
  587.91,   732.00,   352.68
  349.63,   476.46,   225.67
  353.13,   475.40,   350.62
  356.63,   474.33,   475.56
  352.60,   601.42,   226.65
  356.10,   600.36,   351.60
  359.60,   599.30,   476.54
  355.56,   726.38,   227.63
  359.06,   725.32,   352.57
  362.56,   724.26,   477.52
  474.55,   473.52,   222.15
  478.05,   472.46,   347.09
  481.55,   471.40,   472.04
  477.51,   598.48,   223.12
  481.01,   597.42,   348.07
  484.51,   596.36,   473.02
  480.47,   723.44,   224.10
  483.97,   722.38,   349.05
  487.47,   721.32,   474.00
  599.46,   470.59,   218.62
  602.96,   469.53,   343.57
  606.46,   468.47,   468.52
  602.43,   595.55,   219.60
  605.93,   594.49,   344.55
  609.43,   593.43,   469.49
  605.39,   720.51,   220.58
  608.89,   719.45,   345.53
  612.39,   718.39,   470.47
  350.05,   475.54,   351.37
  346.34,   475.88,   476.32
  342.62,   476.22,   601.26
  351.09,   600.53,   351.06
  347.38,   600.87,   476.01
  343.67,   601.21,   600.95
  352.14,   725.53,   350.75
  348.42,   725.87,   475.70
  344.71,   726.21,   600.64
  474.99,   474.50,   355.09
  471.28,   474.84,   480.03
  467.56,   475.18,   604.98
  476.03,   599.50,   354.78
  472.32,   599.84,   479.72
  468.61,   600.18,   604.67
  477.08,   724.49,   354.47
  473.36,   724.83,   479.41
  469.65,   725.17,   604.36
  599.93,   473.47,   358.81
  596.22,   473.81,   483.75
  592.50,   474.15,   608.69
  600.98,   598.46,   358.50
  597.26,   598.80,   483.44
  593.55,   599.14,   608.38
  602.02,   723.46,   358.19
  598.30,   723.80,   483.13
  594.59,   724.14,   608.07
  351.30,   475.41,   476.26
  349.30,   473.00,   601.22
  347.31,   470.58,   726.18
  351.08,   600.38,   478.67
  349.08,   597.97,   603.63
  347.09,   595.56,   728.59
  350.86,   725.36,   481.08
  348.86,   722.95,   606.04
  346.87,   720.54,   731.00
  476.28,   475.59,   478.26
  474.29,   473.18,   603.22
  472.30,   470.77,   728.18
  476.06,   600.57,   480.67
  474.07,   598.15,   605.63
  472.08,   595.74,   730.59
  475.84,   725.54,   483.07
  473.85,   723.13,   608.04
  471.86,   720.72,   733.00
  601.26,   475.77,   480.25
  599.27,   473.36,   605.21
  597.28,   470.95,   730.18
  601.05,   600.75,   482.66
  599.05,   598.34,   607.62
  597.06,   595.92,   732.58
  600.83,   725.72,   485.07
  598.83,   723.31,   610.03
  596.84,   720.90,   734.99
  351.74,   476.21,   601.10
  355.28,   474.74,   726.04
  358.83,   473.26,   850.98
  351.72,   601.20,   602.58
  355.26,   599.73,   727.52
  358.81,   598.25,   852.46
  351.69,   726.19,   604.06
  355.24,   724.72,   729.00
  358.79,   723.24,   853.94
  476.69,   476.27,   597.56
  480.23,   474.80,   722.50
  483.78,   473.32,   847.44
  476.67,   601.27,   599.03
  480.21,   599.79,   723.97
  483.76,   598.31,   848.91
  476.64,   726.26,   600.51
  480.19,   724.78,   725.45
  483.74,   723.31,   850.39
  601.64,   476.34,   594.01
  605.18,   474.86,   718.95
  608.73,   473.39,   843.89
  601.62,   601.33,   595.49
  605.16,   599.85,   720.43
  608.71,   598.38,   845.37
  601.59,   726.32,   596.96
  605.14,   724.85,   721.91
  608.69,   723.37,   846.85
  348.67,   601.16,    98.53
  347.83,   599.78,   223.52
  346.99,   598.40,   348.51
  352.22,   726.11,    99.93
  351.38,   724.72,   224.92
  350.54,   723.34,   349.91
  355.77,   851.05,   101.34
  354.93,   849.67,   226.33
  354.09,   848.29,   351.32
  473.62,   597.61,    99.33
  472.78,   596.23,   224.32
  471.94,   594.84,   349.31
  477.17,   722.55,   100.73
  476.33,   721.17,   225.72
  475.49,   719.79,   350.71
  480.72,   847.49,   102.14
  479.88,   846.11,   227.13
  479.04,   844.73,   352.12
  598.57,   594.05,   100.13
  597.73,   592.67,   225.12
  596.89,   591.29,   350.11
  602.11,   718.99,   101.53
  601.28,   717.61,   226.52
  600.44,   716.23,   351.51
  605.66,   843.93,   102.94
  604.82,   842.55,   227.93
  603.99,   841.17,   352.92
  350.63,   601.11,   226.43
  350.53,   600.69,   351.43
  350.43,   600.26,   476.43
  350.96,   726.11,   226.86
  350.85,   725.68,   351.85
  350.75,   725.26,   476.85
  351.28,   851.11,   227.28
  351.18,   850.68,   352.28
  351.07,   850.26,   477.28
  475.63,   600.79,   226.53
  475.53,   600.36,   351.53
  475.43,   599.94,   476.53
  475.96,   725.79,   226.96
  475.85,   725.36,   351.96
  475.75,   724.94,   476.96
  476.28,   850.79,   227.38
  476.18,   850.36,   352.38
  476.07,   849.93,   477.38
  600.63,   600.46,   226.63
  600.53,   600.04,   351.63
  600.42,   599.61,   476.63
  600.96,   725.46,   227.06
  600.85,   725.04,   352.06
  600.75,   724.61,   477.06
  601.28,   850.46,   227.49
  601.17,   850.04,   352.49
  601.07,   849.61,   477.48
  349.05,   601.49,   349.17
  350.65,   605.14,   474.11
  352.24,   608.79,   599.04
  347.08,   726.43,   345.55
  348.68,   730.07,   470.49
  350.27,   733.72,   595.42
  345.12,   851.36,   341.93
  346.71,   855.01,   466.86
  348.30,   858.65,   591.80
  474.03,   603.42,   347.52
  475.62,   607.06,   472.46
  477.21,   610.71,   597.39
  472.06,   728.35,   343.90
  473.65,   731.99,   468.84
  475.25,   735.64,   593.77
  470.09,   853.28,   340.28
  471.68,   856.93,   465.21
  473.28,   860.57,   590.15
  599.00,   605.34,   345.87
  600.59,   608.98,   470.81
  602.19,   612.63,   595.74
  597.03,   730.27,   342.25
  598.63,   733.92,   467.18
  600.22,   737.56,   592.12
  595.06,   855.20,   338.63
  596.66,   858.85,   463.56
  598.25,   862.50,   588.50
  349.28,   601.36,   475.86
  352.62,   599.90,   600.81
  355.97,   598.43,   725.75
  346.28,   726.31,   477.40
  349.62,   724.85,   602.35
  352.97,   723.39,   727.30
  343.28,   851.27,   478.95
  346.63,   849.81,   603.89
  349.97,   848.34,   728.84
  474.20,   604.40,   472.55
  477.54,   602.93,   597.50
  480.89,   601.47,   722.45
  471.20,   729.35,   474.10
  474.54,   727.89,   599.04
  477.89,   726.43,   723.99
  468.20,   854.31,   475.64
  471.55,   852.84,   600.59
  474.89,   851.38,   725.53
  599.12,   607.43,   469.24
  602.46,   605.97,   594.19
  605.81,   604.51,   719.14
  596.12,   732.39,   470.79
  599.46,   730.93,   595.73
  602.81,   729.46,   720.68
  593.12,   857.34,   472.33
  596.47,   855.88,   597.28
  599.81,   854.42,   722.22
  348.53,   599.75,   599.26
  351.91,   599.20,   724.21
  355.30,   598.64,   849.16
  346.18,   724.73,   599.88
  349.57,   724.17,   724.83
  352.95,   723.62,   849.78
  343.83,   849.71,   600.50
  347.22,   849.15,   725.45
  350.60,   848.60,   850.40
  473.46,   602.12,   595.88
  476.85,   601.56,   720.84
  480.23,   601.01,   845.79
  471.11,   727.09,   596.50
  474.50,   726.54,   721.45
  477.88,   725.98,   846.41
  468.76,   852.07,   597.12
  472.15,   851.52,   722.07
  475.54,   850.96,   847.03
  598.39,   604.48,   592.51
  601.78,   603.93,   717.46
  605.16,   603.37,   842.41
  596.04,   729.46,   593.13
  599.43,   728.90,   718.08
  602.82,   728.35,   843.03
  593.69,   854.43,   593.74
  597.08,   853.88,   718.70
  600.47,   853.32,   843.65
  475.31,    98.52,    99.89
  472.88,    97.31,   224.86
  470.46,    96.09,   349.83
  476.51,   223.51,   101.12
  474.09,   222.30,   226.09
  471.66,   221.08,   351.07
  477.72,   348.50,   102.36
  475.29,   347.28,   227.33
  472.87,   346.07,   352.30
  600.28,    97.29,   102.30
  597.85,    96.08,   227.27
  595.43,    94.87,   352.24
  601.48,   222.28,   103.54
  599.06,   221.07,   228.51
  596.63,   219.85,   353.48
  602.69,   347.27,   104.77
  600.26,   346.05,   229.74
  597.84,   344.84,   354.71
  725.25,    96.06,   104.71
  722.82,    94.85,   229.68
  720.40,    93.64,   354.65
  726.45,   221.05,   105.95
  724.03,   219.84,   230.92
  721.60,   218.63,   355.89
  727.66,   346.04,   107.18
  725.23,   344.83,   232.15
  722.81,   343.61,   357.13
  473.52,    99.98,   226.82
  476.82,   101.15,   351.77
  480.13,   102.33,   476.72
  473.40,   224.98,   225.65
  476.70,   226.15,   350.60
  480.00,   227.32,   475.55
  473.28,   349.97,   224.47
  476.58,   351.14,   349.42
  479.88,   352.32,   474.38
  598.48,   100.07,   223.51
  601.78,   101.25,   348.46
  605.08,   102.42,   473.41
  598.35,   225.07,   222.34
  601.66,   226.24,   347.29
  604.96,   227.41,   472.24
  598.23,   350.06,   221.17
  601.54,   351.23,   346.12
  604.84,   352.41,   471.07
  723.43,   100.16,   220.21
  726.74,   101.34,   345.16
  730.04,   102.51,   470.11
  723.31,   225.16,   219.04
  726.61,   226.33,   343.99
  729.92,   227.51,   468.94
  723.19,   350.15,   217.87
  726.49,   351.33,   342.82
  729.79,   352.50,   467.77
  475.23,    99.78,   348.38
  474.93,    96.77,   473.35
  474.62,    93.76,   598.31
  475.04,   224.74,   351.39
  474.74,   221.73,   476.36
  474.43,   218.72,   601.32
  474.85,   349.70,   354.40
  474.55,   346.69,   479.36
  474.24,   343.68,   604.33
  600.23,    99.96,   348.69
  599.93,    96.95,   473.65
  599.62,    93.94,   598.62
  600.04,   224.92,   351.70
  599.74,   221.91,   476.66
  599.43,   218.90,   601.63
  599.85,   349.89,   354.71
  599.55,   346.88,   479.67
  599.24,   343.87,   604.64
  725.23,   100.14,   349.00
  724.92,    97.13,   473.96
  724.62,    94.12,   598.93
  725.04,   225.10,   352.01
  724.74,   222.09,   476.97
  724.43,   219.08,   601.94
  724.85,   350.07,   355.02
  724.55,   347.06,   479.98
  724.24,   344.05,   604.95
  475.44,    98.15,   474.34
  476.06,    96.18,   599.33
  476.69,    94.22,   724.31
  475.64,   223.13,   476.31
  476.26,   221.17,   601.29
  476.89,   219.20,   726.27
  475.84,   348.12,   478.27
  476.46,   346.15,   603.25
  477.09,   344.19,   728.24
  600.43,    97.96,   473.71
  601.06,    95.99,   598.70
  601.68,    94.03,   723.68
  600.63,   222.94,   475.68
  601.26,   220.98,   600.66
  601.88,   219.01,   725.64
  600.83,   347.93,   477.64
  601.46,   345.96,   602.63
  602.08,   343.99,   727.61
  725.43,    97.77,   473.09
  726.06,    95.80,   598.07
  726.68,    93.84,   723.05
  725.63,   222.75,   475.05
  726.26,   220.79,   600.03
  726.88,   218.82,   725.02
  725.83,   347.74,   477.02
  726.46,   345.77,   602.00
  727.08,   343.80,   726.98
  474.37,   100.72,   601.80
  476.52,    98.48,   726.76
  478.68,    96.24,   851.72
  473.41,   225.70,   604.05
  475.57,   223.46,   729.02
  477.72,   221.22,   853.98
  472.46,   350.67,   606.31
  474.61,   348.43,   731.27
  476.76,   346.19,   856.23
  599.35,   101.72,   599.66
  601.50,    99.48,   724.62
  603.66,    97.24,   849.58
  598.39,   226.69,   601.92
  600.54,   224.45,   726.88
  602.70,   222.21,   851.84
  597.43,   351.67,   604.18
  599.59,   349.43,   729.14
  601.74,   347.19,   854.10
  724.32,   102.71,   597.52
  726.48,   100.47,   722.49
  728.63,    98.23,   847.45
  723.37,   227.69,   599.78
  725.52,   225.45,   724.74
  727.68,   223.21,   849.70
  722.41,   352.66,   602.04
  724.57,   350.42,   727.00
  726.72,   348.18,   851.96
  475.86,   224.30,    99.98
  477.14,   220.94,   224.93
  478.43,   217.58,   349.87
  477.03,   349.25,   103.33
  478.32,   345.89,   228.28
  479.61,   342.53,   353.22
  478.20,   474.20,   106.68
  479.49,   470.84,   231.62
  480.78,   467.48,   356.57
  600.84,   223.16,    98.66
  602.13,   219.80,   223.61
  603.42,   216.44,   348.55
  602.02,   348.11,   102.01
  603.30,   344.75,   226.96
  604.59,   341.39,   351.90
  603.19,   473.06,   105.36
  604.48,   469.70,   230.31
  605.76,   466.34,   355.25
  725.83,   222.03,    97.34
  727.12,   218.67,   222.29
  728.41,   215.31,   347.24
  727.00,   346.98,   100.69
  728.29,   343.62,   225.64
  729.58,   340.25,   350.58
  728.18,   471.93,   104.04
  729.46,   468.57,   228.99
  730.75,   465.20,   353.93
  476.00,   225.53,   224.73
  478.51,   223.46,   349.68
  481.02,   221.40,   474.64
  472.51,   350.46,   226.86
  475.02,   348.40,   351.82
  477.53,   346.33,   476.78
  469.01,   475.39,   228.99
  471.52,   473.33,   353.95
  474.03,   471.27,   478.91
  600.93,   229.06,   222.28
  603.44,   227.00,   347.23
  605.95,   224.94,   472.19
  597.44,   354.00,   224.41
  599.94,   351.93,   349.37
  602.45,   349.87,   474.32
  593.94,   478.93,   226.54
  596.45,   476.87,   351.50
  598.96,   474.80,   476.46
  725.86,   232.60,   219.83
  728.37,   230.54,   344.78
  730.87,   228.47,   469.74
  722.36,   357.53,   221.96
  724.87,   355.47,   346.92
  727.38,   353.41,   471.87
  718.87,   482.47,   224.09
  721.38,   480.40,   349.05
  723.88,   478.34,   474.01
  475.55,   224.45,   349.09
  476.97,   227.49,   474.05
  478.38,   230.53,   599.00
  477.51,   349.40,   346.03
  478.92,   352.44,   470.99
  480.33,   355.48,   595.94
  479.46,   474.34,   342.97
  480.87,   477.38,   467.93
  482.28,   480.42,   592.88
  600.53,   222.46,   347.73
  601.94,   225.50,   472.68
  603.35,   228.54,   597.64
  602.48,   347.41,   344.67
  603.89,   350.45,   469.62
  605.31,   353.49,   594.58
  604.44,   472.36,   341.61
  605.85,   475.40,   466.56
  607.26,   478.44,   591.52
  725.51,   220.48,   346.37
  726.92,   223.52,   471.32
  728.33,   226.55,   596.28
  727.46,   345.42,   343.30
  728.87,   348.46,   468.26
  730.28,   351.50,   593.22
  729.41,   470.37,   340.24
  730.82,   473.41,   465.20
  732.24,   476.45,   590.15
  473.98,   224.83,   474.12
  477.19,   222.31,   599.06
  480.39,   219.78,   723.99
  476.12,   349.78,   476.59
  479.33,   347.26,   601.52
  482.53,   344.74,   726.46
  478.27,   474.74,   479.06
  481.47,   472.22,   603.99
  484.67,   469.70,   728.92
  598.92,   222.75,   470.88
  602.13,   220.23,   595.81
  605.33,   217.71,   720.74
  601.06,   347.71,   473.34
  604.27,   345.19,   598.28
  607.47,   342.66,   723.21
  603.21,   472.66,   475.81
  606.41,   470.14,   600.74
  609.61,   467.62,   725.68
  723.86,   220.67,   467.63
  727.07,   218.15,   592.57
  730.27,   215.63,   717.50
  726.00,   345.63,   470.10
  729.21,   343.11,   595.03
  732.41,   340.59,   719.97
  728.15,   470.59,   472.57
  731.35,   468.07,   597.50
  734.55,   465.54,   722.43
  476.82,   225.24,   599.23
  474.46,   222.25,   724.18
  472.10,   219.25,   849.12
  477.08,   350.20,   602.23
  474.72,   347.21,   727.18
  472.36,   344.21,   852.12
  477.34,   475.17,   605.24
  474.98,   472.17,   730.18
  472.62,   469.18,   855.12
  601.80,   224.92,   601.59
  599.44,   221.93,   726.53
  597.08,   218.93,   851.47
  602.06,   349.89,   604.59
  599.70,   346.89,   729.53
  597.34,   343.90,   854.47
  602.32,   474.85,   607.59
  599.96,   471.86,   732.53
  597.60,   468.86,   857.47
  726.77,   224.61,   603.94
  724.41,   221.61,   728.88
  722.05,   218.62,   853.83
  727.04,   349.57,   606.94
  724.67,   346.58,   731.88
  722.31,   343.58,   856.83
  727.30,   474.53,   609.94
  724.94,   471.54,   734.89
  722.57,   468.54,   859.83
  475.08,   348.17,   101.57
  474.96,   347.99,   226.57
  474.83,   347.81,   351.57
  475.34,   473.16,   101.75
  475.22,   472.99,   226.75
  475.10,   472.81,   351.75
  475.61,   598.16,   101.92
  475.49,   597.99,   226.92
  475.36,   597.81,   351.92
  600.08,   347.90,   101.69
  599.96,   347.72,   226.69
  599.83,   347.55,   351.69
  600.34,   472.90,   101.87
  600.22,   472.72,   226.87
  600.10,   472.55,   351.87
  600.61,   597.90,   102.05
  600.49,   597.72,   227.04
  600.36,   597.55,   352.04
  725.08,   347.63,   101.81
  724.96,   347.46,   226.81
  724.83,   347.28,   351.81
  725.34,   472.63,   101.99
  725.22,   472.46,   226.99
  725.10,   472.28,   351.99
  725.61,   597.63,   102.17
  725.49,   597.46,   227.17
  725.36,   597.28,   352.17
  473.43,   348.81,   226.63
  472.69,   352.36,   351.58
  471.94,   355.90,   476.53
  470.48,   473.73,   223.07
  469.74,   477.27,   348.02
  469.00,   480.81,   472.97
  467.53,   598.64,   219.51
  466.79,   602.18,   344.46
  466.05,   605.73,   469.41
  598.39,   351.78,   227.29
  597.65,   355.32,   352.24
  596.91,   358.87,   477.19
  595.44,   476.70,   223.73
  594.70,   480.24,   348.68
  593.96,   483.78,   473.63
  592.49,   601.61,   220.17
  591.75,   605.15,   345.12
  591.01,   608.70,   470.07
  723.36,   354.75,   227.95
  722.61,   358.29,   352.90
  721.87,   361.84,   477.85
  720.41,   479.67,   224.39
  719.66,   483.21,   349.34
  718.92,   486.75,   474.29
  717.46,   604.58,   220.83
  716.71,   608.12,   345.78
  715.97,   611.67,   470.73
  474.38,   350.83,   351.72
  471.43,   350.79,   476.69
  468.49,   350.75,   601.65
  476.26,   475.81,   351.80
  473.31,   475.78,   476.77
  470.37,   475.74,   601.73
  478.14,   600.80,   351.88
  475.20,   600.76,   476.85
  472.25,   600.73,   601.81
  599.33,   348.94,   354.67
  596.38,   348.91,   479.63
  593.44,   348.87,   604.60
  601.21,   473.93,   354.75
  598.27,   473.89,   479.71
  595.32,   473.86,   604.68
  603.09,   598.91,   354.83
  600.15,   598.88,   479.79
  597.20,   598.84,   604.76
  724.28,   347.06,   357.61
  721.33,   347.02,   482.58
  718.39,   346.99,   607.54
  726.16,   472.04,   357.69
  723.22,   472.01,   482.66
  720.27,   471.97,   607.62
  728.05,   597.03,   357.77
  725.10,   596.99,   482.74
  722.15,   596.96,   607.70
  475.77,   350.88,   473.04
  473.51,   349.98,   598.02
  471.25,   349.08,   722.99
  478.41,   475.85,   473.99
  476.15,   474.95,   598.96
  473.89,   474.05,   723.94
  481.05,   600.82,   474.93
  478.79,   599.92,   599.91
  476.53,   599.02,   724.88
  600.72,   348.22,   475.28
  598.46,   347.33,   600.26
  596.20,   346.43,   725.23
  603.36,   473.19,   476.23
  601.10,   472.29,   601.20
  598.84,   471.40,   726.18
  606.00,   598.16,   477.17
  603.74,   597.26,   602.15
  601.48,   596.36,   727.13
  725.68,   345.57,   477.52
  723.42,   344.67,   602.50
  721.15,   343.77,   727.48
  728.32,   470.54,   478.47
  726.05,   469.64,   603.45
  723.79,   468.74,   728.42
  730.96,   595.51,   479.42
  728.69,   594.61,   604.39
  726.43,   593.71,   729.37
  473.92,   348.19,   601.68
  470.18,   348.94,   726.62
  466.44,   349.68,   851.56
  475.08,   473.18,   600.97
  471.34,   473.93,   725.91
  467.60,   474.67,   850.85
  476.24,   598.17,   600.26
  472.50,   598.92,   725.20
  468.76,   599.67,   850.14
  598.86,   347.05,   605.43
  595.12,   347.80,   730.37
  591.38,   348.54,   855.31
  600.02,   472.04,   604.71
  596.28,   472.79,   729.66
  592.54,   473.53,   854.60
  601.18,   597.04,   604.00
  597.44,   597.78,   728.95
  593.70,   598.53,   853.89
  723.80,   345.91,   609.17
  720.06,   346.66,   734.11
  716.32,   347.40,   859.06
  724.96,   470.91,   608.46
  721.22,   471.65,   733.40
  717.48,   472.40,   858.35
  726.12,   595.90,   607.75
  722.38,   596.64,   732.69
  718.64,   597.39,   857.63
  475.19,   475.22,    99.34
  474.45,   475.28,   224.34
  473.72,   475.33,   349.33
  476.30,   600.22,    99.29
  475.56,   600.27,   224.29
  474.82,   600.33,   349.28
  477.40,   725.21,    99.24
  476.67,   725.27,   224.24
  475.93,   725.32,   349.23
  600.18,   474.11,   100.08
  599.45,   474.17,   225.07
  598.71,   474.23,   350.07
  601.29,   599.11,   100.03
  600.55,   599.17,   225.02
  599.82,   599.22,   350.02
  602.40,   724.10,    99.98
  601.66,   724.16,   224.97
  600.92,   724.22,   349.97
  725.18,   473.01,   100.81
  724.44,   473.06,   225.81
  723.70,   473.12,   350.81
  726.28,   598.00,   100.76
  725.55,   598.06,   225.76
  724.81,   598.12,   350.76
  727.39,   723.00,   100.71
  726.65,   723.05,   225.71
  725.92,   723.11,   350.71
  476.99,   474.08,   226.21
  474.66,   471.64,   351.16
  472.34,   469.21,   476.12
  475.48,   599.05,   228.61
  473.15,   596.61,   353.57
  470.82,   594.18,   478.52
  473.96,   724.01,   231.02
  471.63,   721.58,   355.97
  469.30,   719.15,   480.93
  601.96,   475.55,   228.56
  599.63,   473.12,   353.52
  597.31,   470.68,   478.47
  600.45,   600.52,   230.97
  598.12,   598.08,   355.93
  595.79,   595.65,   480.88
  598.93,   725.48,   233.38
  596.60,   723.05,   358.33
  594.27,   720.62,   483.29
  726.93,   477.02,   230.92
  724.60,   474.59,   355.88
  722.27,   472.15,   480.83
  725.41,   601.99,   233.33
  723.09,   599.55,   358.28
  720.76,   597.12,   483.24
  723.90,   726.96,   235.73
  721.57,   724.52,   360.69
  719.24,   722.09,   485.64
  476.46,   475.37,   351.59
  476.37,   477.67,   476.57
  476.28,   479.97,   601.55
  477.26,   600.34,   349.29
  477.16,   602.65,   474.27
  477.07,   604.95,   599.25
  478.05,   725.32,   346.99
  477.95,   727.62,   471.97
  477.86,   729.92,   596.95
  601.46,   474.58,   351.70
  601.37,   476.88,   476.68
  601.27,   479.18,   601.66
  602.25,   599.56,   349.40
  602.16,   601.86,   474.38
  602.06,   604.16,   599.36
  603.04,   724.53,   347.10
  602.95,   726.83,   472.08
  602.86,   729.14,   597.06
  726.46,   473.79,   351.81
  726.37,   476.09,   476.79
  726.27,   478.39,   601.77
  727.25,   598.77,   349.51
  727.16,   601.07,   474.49
  727.06,   603.37,   599.47
  728.04,   723.74,   347.21
  727.95,   726.04,   472.19
  727.85,   728.35,   597.17
  476.93,   473.46,   474.32
  474.53,   473.29,   599.29
  472.13,   473.11,   724.27
  474.02,   598.43,   474.44
  471.62,   598.25,   599.41
  469.22,   598.08,   724.39
  471.11,   723.40,   474.56
  468.71,   723.22,   599.54
  466.31,   723.04,   724.51
  601.87,   476.37,   476.72
  599.47,   476.19,   601.70
  597.07,   476.02,   726.67
  598.96,   601.34,   476.84
  596.56,   601.16,   601.82
  594.16,   600.98,   726.80
  596.06,   726.30,   476.96
  593.65,   726.13,   601.94
  591.25,   725.95,   726.92
  726.82,   479.28,   479.13
  724.42,   479.10,   604.10
  722.01,   478.92,   729.08
  723.91,   604.24,   479.25
  721.51,   604.07,   604.22
  719.11,   603.89,   729.20
  721.00,   729.21,   479.37
  718.60,   729.03,   604.34
  716.20,   728.85,   729.32
  476.13,   475.24,   599.61
  473.76,   478.08,   724.56
  471.39,   480.92,   849.50
  476.67,   600.21,   596.78
  474.30,   603.05,   721.73
  471.94,   605.88,   846.67
  477.21,   725.18,   593.96
  474.85,   728.01,   718.90
  472.48,   730.85,   843.85
  601.10,   474.75,   601.99
  598.74,   477.59,   726.94
  596.37,   480.43,   851.88
  601.65,   599.72,   599.16
  599.28,   602.56,   724.11
  596.91,   605.39,   849.05
  602.19,   724.69,   596.34
  599.82,   727.52,   721.28
  597.45,   730.36,   846.23
  726.08,   474.26,   604.37
  723.71,   477.10,   729.32
  721.35,   479.94,   854.26
  726.62,   599.23,   601.54
  724.26,   602.07,   726.49
  721.89,   604.91,   851.43
  727.17,   724.20,   598.71
  724.80,   727.03,   723.66
  722.43,   729.87,   848.61
  473.70,   599.56,    98.73
  471.03,   601.18,   223.69
  468.35,   602.80,   348.65
  477.19,   724.50,    97.19
  474.52,   726.12,   222.15
  471.85,   727.74,   347.11
  480.68,   849.44,    95.64
  478.01,   851.06,   220.60
  475.34,   852.68,   345.56
  598.62,   596.10,   101.45
  595.95,   597.72,   226.41
  593.28,   599.34,   351.37
  602.11,   721.04,    99.90
  599.44,   722.66,   224.86
  596.77,   724.28,   349.82
  605.60,   845.98,    98.35
  602.93,   847.60,   223.31
  600.26,   849.23,   348.28
  723.54,   592.64,   104.16
  720.87,   594.26,   229.12
  718.20,   595.89,   354.08
  727.03,   717.58,   102.62
  724.36,   719.21,   227.58
  721.69,   720.83,   352.54
  730.52,   842.53,   101.07
  727.85,   844.15,   226.03
  725.18,   845.77,   350.99
  475.23,   601.85,   226.25
  478.90,   599.13,   351.17
  482.57,   596.41,   476.09
  472.70,   726.80,   229.05
  476.38,   724.08,   353.96
  480.05,   721.36,   478.88
  470.18,   851.74,   231.84
  473.85,   849.02,   356.76
  477.53,   846.30,   481.67
  600.15,   604.46,   222.64
  603.82,   601.74,   347.55
  607.49,   599.02,   472.47
  597.62,   729.40,   225.43
  601.30,   726.68,   350.35
  604.97,   723.96,   475.26
  595.10,   854.34,   228.22
  598.77,   851.62,   353.14
  602.45,   848.91,   478.06
  725.07,   607.06,   219.02
  728.74,   604.34,   343.94
  732.41,   601.62,   468.85
  722.54,   732.00,   221.81
  726.22,   729.29,   346.73
  729.89,   726.57,   471.65
  720.02,   856.95,   224.61
  723.69,   854.23,   349.52
  727.37,   851.51,   474.44
  474.62,   601.22,   350.71
  475.54,   601.14,   475.70
  476.46,   601.06,   600.70
  478.20,   726.17,   350.76
  479.12,   726.09,   475.76
  480.04,   726.00,   600.75
  481.78,   851.12,   350.82
  482.70,   851.03,   475.81
  483.61,   850.95,   600.81
  599.57,   597.64,   349.78
  600.49,   597.56,   474.78
  601.41,   597.48,   599.78
  603.14,   722.59,   349.84
  604.06,   722.51,   474.84
  604.98,   722.43,   599.83
  606.72,   847.54,   349.89
  607.64,   847.46,   474.89
  608.56,   847.38,   599.89
  724.51,   594.07,   348.86
  725.43,   593.99,   473.86
  726.35,   593.90,   598.86
  728.09,   719.02,   348.92
  729.01,   718.93,   473.91
  729.93,   718.85,   598.91
  731.67,   843.96,   348.97
  732.59,   843.88,   473.97
  733.51,   843.80,   598.97
  475.74,   598.01,   476.59
  477.38,   595.70,   601.56
  479.01,   593.38,   726.53
  473.77,   722.97,   478.93
  475.41,   720.66,   603.90
  477.04,   718.35,   728.87
  471.80,   847.93,   481.27
  473.43,   845.62,   606.24
  475.07,   843.31,   731.20
  600.71,   600.01,   474.99
  602.35,   597.70,   599.96
  603.98,   595.38,   724.93
  598.74,   724.97,   477.33
  600.38,   722.66,   602.30
  602.01,   720.35,   727.27
  596.77,   849.93,   479.67
  598.41,   847.62,   604.64
  600.04,   845.31,   729.60
  725.69,   602.01,   473.39
  727.32,   599.70,   598.36
  728.96,   597.38,   723.33
  723.72,   726.97,   475.73
  725.35,   724.66,   600.70
  726.99,   722.35,   725.67
  721.75,   851.93,   478.07
  723.38,   849.62,   603.04
  725.02,   847.31,   728.01
  475.76,   601.35,   598.66
  474.06,   601.01,   723.65
  472.37,   600.67,   848.63
  476.53,   726.35,   599.01
  474.84,   726.01,   724.00
  473.15,   725.67,   848.98
  477.31,   851.35,   599.36
  475.62,   851.01,   724.34
  473.93,   850.67,   849.33
  600.74,   600.57,   600.35
  599.05,   600.23,   725.34
  597.36,   599.89,   850.32
  601.52,   725.57,   600.70
  599.83,   725.23,   725.68
  598.14,   724.89,   850.67
  602.30,   850.56,   601.05
  600.60,   850.23,   726.03
  598.91,   849.89,   851.02
  725.73,   599.79,   602.04
  724.04,   599.45,   727.03
  722.35,   599.11,   852.01
  726.50,   724.79,   602.39
  724.81,   724.45,   727.37
  723.12,   724.11,   852.36
  727.28,   849.78,   602.74
  725.59,   849.44,   727.72
  723.90,   849.11,   852.71
  600.33,   100.86,   101.87
  602.20,   102.00,   226.85
  604.07,   103.13,   351.83
  603.68,   225.81,   100.68
  605.55,   226.95,   225.66
  607.42,   228.08,   350.65
  607.03,   350.76,    99.50
  608.90,   351.90,   224.48
  610.77,   353.03,   349.46
  725.27,    97.50,   100.03
  727.14,    98.63,   225.01
  729.01,    99.76,   349.99
  728.62,   222.45,    98.84
  730.49,   223.58,   223.82
  732.36,   224.71,   348.81
  731.97,   347.40,    97.66
  733.84,   348.53,   222.64
  735.71,   349.66,   347.62
  850.21,    94.13,    98.19
  852.08,    95.26,   223.17
  853.95,    96.40,   348.15
  853.56,   219.08,    97.00
  855.43,   220.21,   221.99
  857.30,   221.35,   346.97
  856.91,   344.03,    95.82
  858.78,   345.16,   220.80
  860.65,   346.30,   345.78
  598.49,    98.61,   225.14
  596.94,   100.38,   350.12
  595.38,   102.15,   475.10
  597.63,   223.59,   223.36
  596.07,   225.36,   348.34
  594.51,   227.14,   473.31
  596.76,   348.58,   221.58
  595.20,   350.35,   346.55
  593.65,   352.12,   471.53
  723.48,    99.50,   226.69
  721.92,   101.27,   351.66
  720.36,   103.04,   476.64
  722.62,   224.48,   224.90
  721.06,   226.25,   349.88
  719.50,   228.02,   474.86
  721.75,   349.46,   223.12
  720.19,   351.24,   348.10
  718.63,   353.01,   473.08
  848.47,   100.38,   228.23
  846.91,   102.15,   353.21
  845.35,   103.93,   478.19
  847.60,   225.37,   226.45
  846.04,   227.14,   351.43
  844.49,   228.91,   476.40
  846.74,   350.35,   224.67
  845.18,   352.12,   349.64
  843.62,   353.89,   474.62
  598.57,    99.28,   349.78
  600.27,    98.91,   474.76
  601.97,    98.55,   599.75
  599.56,   224.28,   350.13
  601.26,   223.91,   475.12
  602.95,   223.54,   600.11
  600.54,   349.27,   350.48
  602.24,   348.91,   475.47
  603.94,   348.54,   600.46
  723.55,    98.30,   348.07
  725.25,    97.93,   473.06
  726.95,    97.57,   598.05
  724.54,   223.29,   348.43
  726.24,   222.93,   473.42
  727.94,   222.56,   598.40
  725.53,   348.29,   348.78
  727.23,   347.92,   473.77
  728.93,   347.56,   598.76
  848.54,    97.32,   346.37
  850.24,    96.95,   471.36
  851.94,    96.58,   596.35
  849.53,   222.31,   346.73
  851.22,   221.95,   471.71
  852.92,   221.58,   596.70
  850.51,   347.31,   347.08
  852.21,   346.94,   472.07
  853.91,   346.58,   597.05
  598.25,    99.29,   473.97
  595.46,    97.29,   598.92
  592.67,    95.28,   723.87
  598.08,   224.28,   475.97
  595.29,   222.27,   600.92
  592.50,   220.27,   725.87
  597.92,   349.26,   477.97
  595.13,   347.26,   602.92
  592.33,   345.25,   727.88
  723.22,    99.41,   476.76
  720.43,    97.41,   601.71
  717.64,    95.40,   726.67
  723.05,   224.40,   478.76
  720.26,   222.39,   603.72
  717.47,   220.39,   728.67
  722.89,   349.38,   480.76
  720.09,   347.38,   605.72
  717.30,   345.37,   730.67
  848.19,    99.54,   479.56
  845.40,    97.53,   604.51
  842.60,    95.53,   729.46
  848.02,   224.52,   481.56
  845.23,   222.51,   606.51
  842.44,   220.51,   731.46
  847.86,   349.50,   483.56
  845.06,   347.50,   608.51
  842.27,   345.49,   733.46
  598.46,   101.60,   599.06
  601.10,   102.81,   724.03
  603.74,   104.02,   848.99
  600.73,   226.57,   597.80
  603.37,   227.78,   722.77
  606.01,   228.99,   847.74
  603.00,   351.54,   596.55
  605.64,   352.75,   721.51
  608.28,   353.96,   846.48
  723.41,    99.30,   596.44
  726.05,   100.51,   721.41
  728.69,   101.72,   846.38
  725.68,   224.27,   595.19
  728.32,   225.48,   720.15
  730.96,   226.69,   845.12
  727.95,   349.25,   593.93
  730.59,   350.45,   718.90
  733.23,   351.66,   843.86
  848.36,    97.00,   593.83
  851.00,    98.21,   718.79
  853.64,    99.42,   843.76
  850.63,   221.97,   592.57
  853.27,   223.18,   717.53
  855.91,   224.39,   842.50
  852.90,   346.95,   591.31
  855.54,   348.16,   716.28
  858.18,   349.37,   841.24
  598.95,   223.92,    99.75
  601.31,   220.23,   224.67
  603.67,   216.55,   349.59
  597.57,   348.85,   103.46
  599.93,   345.17,   228.38
  602.29,   341.49,   353.30
  596.20,   473.79,   107.17
  598.56,   470.11,   232.09
  600.92,   466.42,   357.01
  723.92,   225.36,    97.43
  726.28,   221.68,   222.35
  728.64,   218.00,   347.28
  722.54,   350.30,   101.14
  724.90,   346.62,   226.06
  727.26,   342.93,   350.99
  721.17,   475.24,   104.85
  723.53,   471.55,   229.77
  725.89,   467.87,   354.70
  848.89,   226.81,    95.11
  851.25,   223.13,   220.04
  853.61,   219.44,   344.96
  847.51,   351.75,    98.82
  849.87,   348.06,   223.75
  852.23,   344.38,   348.67
  846.14,   476.68,   102.53
  848.50,   473.00,   227.46
  850.86,   469.32,   352.38
  598.84,   225.69,   223.94
  595.19,   224.58,   348.88
  591.54,   223.46,   473.82
  596.65,   350.67,   224.99
  593.00,   349.55,   349.93
  589.35,   348.44,   474.87
  594.46,   475.64,   226.04
  590.81,   474.53,   350.98
  587.16,   473.41,   475.92
  723.77,   227.85,   227.60
  720.12,   226.73,   352.55
  716.47,   225.62,   477.49
  721.58,   352.82,   228.65
  717.93,   351.71,   353.59
  714.28,   350.60,   478.54
  719.39,   477.80,   229.70
  715.74,   476.69,   354.64
  712.09,   475.57,   479.59
  848.70,   230.01,   231.27
  845.05,   228.89,   356.21
  841.40,   227.78,   481.15
  846.50,   354.98,   232.32
  842.86,   353.87,   357.26
  839.21,   352.76,   482.20
  844.31,   479.96,   233.37
  840.67,   478.85,   358.31
  837.02,   477.73,   483.25
  599.33,   225.68,   350.88
  601.36,   225.75,   475.86
  603.40,   225.82,   600.84
  597.36,   350.67,   350.84
  599.40,   350.73,   475.82
  601.44,   350.80,   600.81
  595.40,   475.65,   350.80
  597.44,   475.72,   475.79
  599.47,   475.79,   600.77
  724.29,   227.64,   348.84
  726.33,   227.71,   473.82
  728.37,   227.78,   598.81
  722.33,   352.63,   348.80
  724.37,   352.70,   473.79
  726.40,   352.76,   598.77
  720.37,   477.61,   348.77
  722.40,   477.68,   473.75
  724.44,   477.75,   598.73
  849.26,   229.60,   346.80
  851.30,   229.67,   471.79
  853.33,   229.74,   596.77
  847.30,   354.59,   346.77
  849.34,   354.66,   471.75
  851.37,   354.73,   596.73
  845.34,   479.57,   346.73
  847.37,   479.64,   471.71
  849.41,   479.71,   596.70
  601.17,   223.59,   476.59
  597.46,   224.66,   601.53
  593.75,   225.73,   726.47
  601.58,   348.58,   475.53
  597.88,   349.65,   600.47
  594.17,   350.73,   725.41
  602.00,   473.58,   474.47
  598.29,   474.65,   599.41
  594.58,   475.72,   724.35
  726.12,   223.21,   480.30
  722.41,   224.28,   605.24
  718.70,   225.35,   730.18
  726.53,   348.20,   479.24
  722.82,   349.27,   604.18
  719.11,   350.34,   729.12
  726.94,   473.19,   478.18
  723.23,   474.27,   603.12
  719.52,   475.34,   728.06
  851.06,   222.82,   484.01
  847.35,   223.90,   608.95
  843.64,   224.97,   733.89
  851.47,   347.82,   482.95
  847.76,   348.89,   607.89
  844.05,   349.96,   732.83
  851.89,   472.81,   481.89
  848.18,   473.88,   606.83
  844.47,   474.96,   731.77
  599.67,   223.09,   598.02
  597.73,   219.74,   722.96
  595.79,   216.39,   847.90
  600.77,   348.04,   601.39
  598.83,   344.69,   726.33
  596.89,   341.34,   851.27
  601.88,   472.99,   604.76
  599.94,   469.64,   729.70
  598.00,   466.29,   854.64
  724.65,   221.94,   599.93
  722.71,   218.59,   724.87
  720.77,   215.23,   849.81
  725.76,   346.89,   603.30
  723.81,   343.54,   728.24
  721.87,   340.18,   853.18
  726.86,   471.84,   606.67
  724.92,   468.49,   731.61
  722.98,   465.13,   856.55
  849.63,   220.78,   601.84
  847.69,   217.43,   726.78
  845.75,   214.08,   851.72
  850.74,   345.73,   605.21
  848.79,   342.38,   730.15
  846.85,   339.03,   855.09
  851.84,   470.68,   608.58
  849.90,   467.33,   733.52
  847.96,   463.98,   858.46
  601.00,   349.32,   101.02
  598.29,   348.23,   225.99
  595.59,   347.15,   350.96
  598.04,   474.28,   102.05
  595.33,   473.20,   227.01
  592.63,   472.11,   351.98
  595.08,   599.24,   103.07
  592.38,   598.16,   228.04
  589.67,   597.07,   353.00
  725.93,   352.26,   103.76
  723.23,   351.17,   228.72
  720.52,   350.08,   353.69
  722.98,   477.22,   104.78
  720.27,   476.13,   229.75
  717.56,   475.04,   354.71
  720.02,   602.18,   105.80
  717.31,   601.09,   230.77
  714.61,   600.00,   355.74
  850.87,   355.19,   106.49
  848.16,   354.10,   231.45
  845.46,   353.01,   356.42
  847.91,   480.15,   107.51
  845.21,   479.06,   232.48
  842.50,   477.98,   357.44
  844.95,   605.11,   108.53
  842.25,   604.02,   233.50
  839.54,   602.94,   358.47
  600.94,   351.06,   224.42
  604.34,   353.76,   349.34
  607.73,   356.46,   474.27
  598.41,   476.01,   221.79
  601.81,   478.71,   346.71
  605.21,   481.41,   471.64
  595.88,   600.96,   219.16
  599.28,   603.66,   344.08
  602.68,   606.36,   469.01
  725.87,   353.52,   220.97
  729.26,   356.22,   345.89
  732.66,   358.92,   470.82
  723.34,   478.47,   218.34
  726.74,   481.16,   343.26
  730.14,   483.86,   468.19
  720.81,   603.41,   215.71
  724.21,   606.11,   340.63
  727.61,   608.81,   465.55
  850.79,   355.97,   217.52
  854.19,   358.67,   342.44
  857.59,   361.37,   467.36
  848.27,   480.92,   214.88
  851.67,   483.62,   339.81
  855.06,   486.32,   464.73
  845.74,   605.87,   212.25
  849.14,   608.56,   337.18
  852.54,   611.26,   462.10
  598.01,   348.10,   350.33
  600.82,   345.50,   475.27
  603.63,   342.91,   600.21
  601.31,   473.03,   352.85
  604.12,   470.44,   477.79
  606.93,   467.84,   602.73
  604.62,   597.96,   355.37
  607.42,   595.37,   480.31
  610.23,   592.77,   605.25
  722.94,   344.85,   347.46
  725.74,   342.26,   472.40
  728.55,   339.67,   597.34
  726.24,   469.78,   349.98
  729.05,   467.19,   474.92
  731.85,   464.60,   599.86
  729.54,   594.71,   352.50
  732.35,   592.12,   477.44
  735.16,   589.53,   602.38
  847.86,   341.61,   344.58
  850.67,   339.01,   469.52
  853.47,   336.42,   594.47
  851.16,   466.54,   347.10
  853.97,   463.95,   472.04
  856.78,   461.35,   596.99
  854.47,   591.47,   349.62
  857.27,   588.88,   474.56
  860.08,   586.28,   599.50
  600.11,   348.32,   473.60
  602.69,   349.69,   598.57
  605.26,   351.05,   723.53
  602.16,   473.30,   472.20
  604.74,   474.66,   597.16
  607.31,   476.02,   722.13
  604.22,   598.27,   470.79
  606.79,   599.64,   595.76
  609.36,   601.00,   720.73
  725.07,   346.24,   471.05
  727.64,   347.61,   596.02
  730.22,   348.97,   720.98
  727.12,   471.22,   469.65
  729.69,   472.58,   594.61
  732.27,   473.94,   719.58
  729.17,   596.19,   468.24
  731.75,   597.56,   593.21
  734.32,   598.92,   718.17
  850.03,   344.16,   468.50
  852.60,   345.52,   593.47
  855.17,   346.89,   718.43
  852.08,   469.14,   467.10
  854.65,   470.50,   592.06
  857.22,   471.86,   717.03
  854.13,   594.11,   465.69
  856.70,   595.48,   590.66
  859.28,   596.84,   715.62
  600.60,   349.38,   601.90
  601.15,   351.27,   726.89
  601.71,   353.15,   851.87
  598.13,   474.34,   600.03
  598.68,   476.23,   725.02
  599.24,   478.11,   850.00
  595.66,   599.30,   598.16
  596.21,   601.19,   723.14
  596.77,   603.07,   848.13
  725.57,   351.84,   601.31
  726.13,   353.73,   726.30
  726.68,   355.61,   851.28
  723.10,   476.80,   599.44
  723.66,   478.69,   724.42
  724.21,   480.57,   849.41
  720.63,   601.77,   597.57
  721.19,   603.65,   722.55
  721.74,   605.53,   847.54
  850.55,   354.30,   600.72
  851.10,   356.19,   725.70
  851.66,   358.07,   850.69
  848.08,   479.26,   598.85
  848.63,   481.15,   723.83
  849.19,   483.03,   848.82
  845.61,   604.23,   596.98
  846.16,   606.11,   721.96
  846.72,   607.99,   846.94
  600.60,   475.74,    99.01
  599.62,   478.09,   223.98
  598.65,   480.44,   348.95
  598.38,   600.70,    96.64
  597.41,   603.05,   221.62
  596.43,   605.40,   346.59
  596.16,   725.66,    94.28
  595.19,   728.01,   219.25
  594.22,   730.36,   344.22
  725.57,   477.98,    99.94
  724.60,   480.33,   224.91
  723.63,   482.67,   349.89
  723.36,   602.94,    97.57
  722.38,   605.28,   222.55
  721.41,   607.63,   347.52
  721.14,   727.89,    95.21
  720.17,   730.24,   220.18
  719.19,   732.59,   345.16
  850.55,   480.21,   100.87
  849.58,   482.56,   225.84
  848.60,   484.91,   350.82
  848.33,   605.17,    98.50
  847.36,   607.52,   223.48
  846.39,   609.87,   348.45
  846.12,   730.13,    96.14
  845.14,   732.48,   221.11
  844.17,   734.82,   346.09
  601.25,   476.87,   224.35
  603.86,   477.06,   349.32
  606.47,   477.25,   474.29
  604.89,   601.82,   224.08
  607.50,   602.01,   349.05
  610.11,   602.19,   474.03
  608.53,   726.76,   223.82
  611.14,   726.95,   348.79
  613.75,   727.14,   473.76
  726.17,   473.23,   221.75
  728.78,   473.41,   346.72
  731.39,   473.60,   471.69
  729.81,   598.17,   221.48
  732.42,   598.36,   346.45
  735.03,   598.55,   471.43
  733.45,   723.12,   221.22
  736.06,   723.31,   346.19
  738.67,   723.50,   471.16
  851.09,   469.58,   219.14
  853.70,   469.77,   344.12
  856.31,   469.96,   469.09
  854.73,   594.53,   218.88
  857.34,   594.72,   343.85
  859.95,   594.91,   468.83
  858.37,   719.47,   218.62
  860.98,   719.66,   343.59
  863.59,   719.85,   468.56
  599.20,   475.07,   350.67
  598.96,   476.57,   475.66
  598.72,   478.07,   600.65
  599.06,   600.06,   349.17
  598.82,   601.56,   474.16
  598.58,   603.06,   599.16
  598.92,   725.05,   347.67
  598.68,   726.55,   472.67
  598.44,   728.05,   597.66
  724.20,   475.21,   350.91
  723.96,   476.71,   475.90
  723.72,   478.21,   600.89
  724.06,   600.21,   349.41
  723.82,   601.70,   474.40
  723.58,   603.20,   599.39
  723.92,   725.20,   347.91
  723.68,   726.70,   472.90
  723.44,   728.20,   597.90
  849.20,   475.36,   351.15
  848.96,   476.86,   476.14
  848.72,   478.36,   601.13
  849.06,   600.35,   349.65
  848.82,   601.85,   474.64
  848.58,   603.35,   599.63
  848.92,   725.34,   348.15
  848.68,   726.84,   473.14
  848.44,   728.34,   598.14
  600.66,   473.37,   474.31
  599.49,   474.09,   599.31
  598.32,   474.80,   724.30
  601.93,   598.36,   473.61
  600.76,   599.08,   598.60
  599.59,   599.79,   723.60
  603.21,   723.35,   472.91
  602.04,   724.07,   597.90
  600.87,   724.78,   722.89
  725.65,   472.10,   475.49
  724.48,   472.82,   600.48
  723.31,   473.53,   725.48
  726.92,   597.10,   474.79
  725.75,   597.81,   599.78
  724.58,   598.52,   724.77
  728.20,   722.09,   474.09
  727.03,   722.80,   599.08
  725.86,   723.52,   724.07
  850.64,   470.84,   476.67
  849.47,   471.55,   601.66
  848.30,   472.27,   726.65
  851.91,   595.83,   475.97
  850.74,   596.54,   600.96
  849.57,   597.26,   725.95
  853.18,   720.82,   475.26
  852.01,   721.53,   600.26
  850.84,   722.25,   725.25
  601.60,   474.27,   601.96
  598.15,   471.00,   726.87
  594.71,   467.73,   851.78
  602.75,   599.22,   605.26
  599.31,   595.95,   730.17
  595.86,   592.68,   855.08
  603.91,   724.17,   608.57
  600.46,   720.90,   733.48
  597.02,   717.63,   858.38
  726.54,   473.02,   605.38
  723.10,   469.75,   730.29
  719.65,   466.48,   855.20
  727.70,   597.97,   608.68
  724.25,   594.70,   733.59
  720.81,   591.44,   858.50
  728.85,   722.92,   611.98
  725.41,   719.66,   736.89
  721.96,   716.39,   861.80
  851.49,   471.78,   608.79
  848.04,   468.51,   733.70
  844.60,   465.24,   858.61
  852.65,   596.73,   612.09
  849.20,   593.46,   737.00
  845.76,   590.19,   861.91
  853.80,   721.68,   615.39
  850.36,   718.41,   740.30
  846.91,   715.14,   865.21
  600.08,   599.89,   101.54
  598.03,   596.68,   226.49
  595.98,   593.48,   351.43
  603.29,   724.80,   104.80
  601.24,   721.60,   229.74
  599.19,   718.40,   354.68
  606.49,   849.72,   108.05
  604.45,   846.52,   233.00
  602.40,   843.31,   357.94
  725.02,   596.63,   103.51
  722.97,   593.42,   228.45
  720.93,   590.22,   353.39
  728.23,   721.54,   106.76
  726.18,   718.34,   231.71
  724.13,   715.14,   356.65
  731.44,   846.46,   110.02
  729.39,   843.26,   234.96
  727.34,   840.05,   359.90
  849.96,   593.37,   105.47
  847.92,   590.17,   230.41
  845.87,   586.96,   355.36
  853.17,   718.29,   108.73
  851.12,   715.08,   233.67
  849.07,   711.88,   358.61
  856.38,   843.20,   111.98
  854.33,   840.00,   236.93
  852.28,   836.80,   361.87
  601.28,   601.60,   223.52
  599.81,   602.39,   348.51
  598.34,   603.17,   473.50
  599.54,   726.59,   222.72
  598.06,   727.37,   347.71
  596.59,   728.16,   472.70
  597.79,   851.57,   221.91
  596.32,   852.36,   346.90
  594.84,   853.14,   471.89
  726.26,   603.36,   224.99
  724.79,   604.14,   349.97
  723.32,   604.93,   474.96
  724.51,   728.34,   224.18
  723.04,   729.13,   349.17
  721.57,   729.91,   474.16
  722.77,   853.33,   223.37
  721.29,   854.11,   348.36
  719.82,   854.90,   473.35
  851.24,   605.12,   226.45
  849.77,   605.90,   351.43
  848.30,   606.69,   476.42
  849.49,   730.10,   225.64
  848.02,   730.89,   350.63
  846.55,   731.67,   475.62
  847.75,   855.09,   224.83
  846.27,   855.87,   349.82
  844.80,   856.66,   474.81
  601.82,   600.70,   351.99
  600.36,   603.17,   476.95
  598.89,   605.65,   601.92
  598.42,   725.63,   349.47
  596.96,   728.10,   474.44
  595.50,   730.58,   599.41
  595.02,   850.56,   346.96
  593.56,   853.03,   471.93
  592.10,   855.50,   596.90
  726.76,   604.13,   353.38
  725.30,   606.60,   478.35
  723.84,   609.07,   603.31
  723.37,   729.05,   350.87
  721.90,   731.53,   475.83
  720.44,   734.00,   600.80
  719.97,   853.98,   348.36
  718.51,   856.46,   473.32
  717.05,   858.93,   598.29
  851.71,   607.55,   354.77
  850.25,   610.02,   479.74
  848.78,   612.50,   604.71
  848.31,   732.48,   352.26
  846.85,   734.95,   477.23
  845.39,   737.43,   602.20
  844.91,   857.41,   349.75
  843.45,   859.88,   474.72
  841.99,   862.35,   599.68
  598.34,   601.19,   473.62
  599.84,   604.80,   598.56
  601.35,   608.41,   723.50
  596.66,   726.12,   470.02
  598.16,   729.74,   594.96
  599.67,   733.35,   719.90
  594.97,   851.06,   466.43
  596.48,   854.67,   591.37
  597.99,   858.29,   716.31
  723.32,   602.83,   472.06
  724.82,   606.44,   597.00
  726.33,   610.05,   721.94
  721.64,   727.76,   468.47
  723.14,   731.38,   593.41
  724.65,   734.99,   718.35
  719.95,   852.70,   464.88
  721.46,   856.31,   589.82
  722.97,   859.93,   714.76
  848.30,   604.46,   470.51
  849.80,   608.08,   595.45
  851.31,   611.69,   720.39
  846.62,   729.40,   466.92
  848.12,   733.01,   591.86
  849.63,   736.63,   716.79
  844.93,   854.34,   463.32
  846.44,   857.95,   588.26
  847.94,   861.56,   713.20
  599.18,   598.32,   600.62
  598.01,   595.25,   725.58
  596.83,   592.19,   850.54
  601.12,   723.27,   603.71
  599.94,   720.20,   728.66
  598.77,   717.14,   853.62
  603.05,   848.21,   606.79
  601.88,   845.15,   731.75
  600.70,   842.08,   856.70
  724.16,   596.35,   601.75
  722.99,   593.29,   726.71
  721.81,   590.22,   851.67
  726.10,   721.30,   604.83
  724.92,   718.24,   729.79
  723.75,   715.17,   854.75
  728.03,   846.25,   607.92
  726.86,   843.18,   732.87
  725.68,   840.12,   857.83
  849.14,   594.39,   602.88
  847.97,   591.32,   727.84
  846.79,   588.26,   852.79
  851.08,   719.34,   605.96
  849.90,   716.27,   730.92
  848.73,   713.21,   855.88
  853.01,   844.28,   609.04
  851.84,   841.22,   734.00
  850.66,   838.15,   858.96
